(18,2)
(18,5)
(18,6)
(18,7)
(18,8)
(18,13)
(18,16)
(18,20)
(18,21)
(18,22)
(18,23)
(18,31)
(18,32)
(18,36)
(18,40)
(18,41)
(18,45)
(18,51)
(18,52)
(18,53)
(18,54)
(18,55)
(18,60)
(18,813)
(18,63)
(18,64)
(18,65)
(18,695)
(18,69)
(18,72)
(18,73)
(18,74)
(18,75)
(18,76)
(18,77)
(18,80)
(18,82)
(18,83)
(18,89)
(18,90)
(18,91)
(18,92)
(18,95)
(18,96)
(18,99)
(18,100)
(18,104)
(18,105)
(18,106)
(18,111)
(18,112)
(18,117)
(18,118)
(18,122)
(18,126)
(18,127)
(18,128)
(18,129)
(18,131)
(18,132)
(18,133)
(18,134)
(18,137)
(18,138)
(18,140)
(18,145)
(18,146)
(18,150)
(18,151)
(18,152)
(18,153)
(18,154)
(18,161)
(18,162)
(18,163)
(18,164)
(18,165)
(18,166)
(18,167)
(18,172)
(18,173)
(18,174)
(18,175)
(18,176)
(18,177)
(18,178)
(18,182)
(18,183)
(18,184)
(18,190)
(18,191)
(18,192)
(18,194)
(18,199)
(18,200)
(18,201)
(18,203)
(18,204)
(18,209)
(18,210)
(18,211)
(18,558)
(18,216)
(18,217)
(18,561)
(18,223)
(18,224)
(18,225)
(18,226)
(18,229)
(18,230)
(18,231)
(18,235)
(18,236)
(18,237)
(18,238)
(18,239)
(18,240)
(18,243)
(18,246)
(18,247)
(18,252)
(18,256)
(18,263)
(18,264)
(18,268)
(18,269)
(18,274)
(18,278)
(18,279)
(18,280)
(18,283)
(18,286)
(18,287)
(18,293)
(18,294)
(18,295)
(18,298)
(18,299)
(18,300)
(18,303)
(18,304)
(18,815)
(18,309)
(18,312)
(18,313)
(18,314)
(18,315)
(18,694)
(18,316)
(18,317)
(18,321)
(18,328)
(18,329)
(18,330)
(18,331)
(18,335)
(18,336)
(18,337)
(18,340)
(18,341)
(18,342)
(18,343)
(18,344)
(18,345)
(18,811)
(18,347)
(18,348)
(18,349)
(18,352)
(18,353)
(18,354)
(18,358)
(18,359)
(18,360)
(18,361)
(18,364)
(18,365)
(18,372)
(18,373)
(18,377)
(18,814)
(18,382)
(18,383)
(18,384)
(18,388)
(18,389)
(18,390)
(18,397)
(18,398)
(18,399)
(18,403)
(18,404)
(18,407)
(18,408)
(18,411)
(18,412)
(18,413)
(18,414)
(18,415)
(18,420)
(18,697)
(18,429)
(18,430)
(18,434)
(18,435)
(18,439)
(18,440)
(18,441)
(18,445)
(18,446)
(18,447)
(18,452)
(18,453)
(18,557)
(18,456)
(18,457)
(18,458)
(18,462)
(18,463)
(18,467)
(18,468)
(18,469)
(18,470)
(18,472)
(18,473)
(18,474)
(18,1)
(18,3)
(18,4)
(18,9)
(18,12)
(18,14)
(18,15)
(18,17)
(18,19)
(18,24)
(18,28)
(18,29)
(18,30)
(18,33)
(18,35)
(18,37)
(18,39)
(18,42)
(18,44)
(18,46)
(18,50)
(18,56)
(18,59)
(18,61)
(18,62)
(18,66)
(18,67)
(18,68)
(18,70)
(18,71)
(18,78)
(18,79)
(18,84)
(18,88)
(18,93)
(18,94)
(18,98)
(18,101)
(18,103)
(18,107)
(18,110)
(18,113)
(18,116)
(18,119)
(18,121)
(18,123)
(18,125)
(18,130)
(18,487)
(18,136)
(18,139)
(18,141)
(18,144)
(18,147)
(18,149)
(18,155)
(18,160)
(18,168)
(18,171)
(18,179)
(18,181)
(18,185)
(18,186)
(18,187)
(18,189)
(18,193)
(18,195)
(18,484)
(18,202)
(18,205)
(18,208)
(18,212)
(18,215)
(18,218)
(18,227)
(18,228)
(18,232)
(18,234)
(18,241)
(18,242)
(18,244)
(18,245)
(18,248)
(18,251)
(18,253)
(18,255)
(18,257)
(18,262)
(18,698)
(18,265)
(18,267)
(18,270)
(18,273)
(18,275)
(18,277)
(18,281)
(18,282)
(18,284)
(18,288)
(18,292)
(18,296)
(18,297)
(18,301)
(18,302)
(18,305)
(18,308)
(18,310)
(18,311)
(18,318)
(18,320)
(18,322)
(18,325)
(18,326)
(18,332)
(18,334)
(18,338)
(18,339)
(18,346)
(18,350)
(18,351)
(18,355)
(18,357)
(18,362)
(18,363)
(18,366)
(18,371)
(18,374)
(18,376)
(18,378)
(18,381)
(18,385)
(18,387)
(18,391)
(18,394)
(18,395)
(18,396)
(18,400)
(18,402)
(18,406)
(18,409)
(18,410)
(18,416)
(18,419)
(18,421)
(18,422)
(18,423)
(18,426)
(18,427)
(18,428)
(18,433)
(18,436)
(18,442)
(18,444)
(18,448)
(18,455)
(18,459)
(18,461)
(18,464)
(18,466)
(18,485)
(18,559)
(18,475)
(24,2)
(24,5)
(24,6)
(24,7)
(24,8)
(24,13)
(24,16)
(24,20)
(24,21)
(24,22)
(24,23)
(24,31)
(24,32)
(24,35)
(24,36)
(24,637)
(24,40)
(24,44)
(24,49)
(24,50)
(24,51)
(24,52)
(24,53)
(24,58)
(24,59)
(24,62)
(24,63)
(24,64)
(24,69)
(24,72)
(24,73)
(24,74)
(24,75)
(24,76)
(24,80)
(24,81)
(24,82)
(24,89)
(24,90)
(24,91)
(24,95)
(24,99)
(24,103)
(24,104)
(24,105)
(24,106)
(24,111)
(24,112)
(24,117)
(24,118)
(24,121)
(24,122)
(24,125)
(24,126)
(24,127)
(24,131)
(24,132)
(24,133)
(24,134)
(24,138)
(24,140)
(24,145)
(24,146)
(24,150)
(24,151)
(24,152)
(24,153)
(24,154)
(24,159)
(24,160)
(24,161)
(24,162)
(24,163)
(24,164)
(24,165)
(24,171)
(24,172)
(24,173)
(24,174)
(24,175)
(24,176)
(24,177)
(24,179)
(24,180)
(24,181)
(24,182)
(24,514)
(24,186)
(24,188)
(24,189)
(24,196)
(24,197)
(24,198)
(24,201)
(24,202)
(24,206)
(24,207)
(24,215)
(24,216)
(24,219)
(24,220)
(24,221)
(24,222)
(24,223)
(24,224)
(24,228)
(24,229)
(24,234)
(24,235)
(24,236)
(24,237)
(24,242)
(24,245)
(24,249)
(24,250)
(24,254)
(24,255)
(24,634)
(24,258)
(24,259)
(24,260)
(24,261)
(24,633)
(24,265)
(24,270)
(24,271)
(24,275)
(24,276)
(24,277)
(24,280)
(24,283)
(24,284)
(24,288)
(24,289)
(24,290)
(24,295)
(24,296)
(24,300)
(24,301)
(24,305)
(24,306)
(24,310)
(24,319)
(24,323)
(24,324)
(24,327)
(24,328)
(24,334)
(24,339)
(24,340)
(24,351)
(24,352)
(24,356)
(24,357)
(24,358)
(24,359)
(24,363)
(24,364)
(24,368)
(24,369)
(24,370)
(24,371)
(24,372)
(24,375)
(24,376)
(24,381)
(24,382)
(24,387)
(24,388)
(24,389)
(24,394)
(24,512)
(24,395)
(24,396)
(24,397)
(24,398)
(24,401)
(24,402)
(24,406)
(24,407)
(24,411)
(24,412)
(24,413)
(24,418)
(24,419)
(24,422)
(24,426)
(24,433)
(24,434)
(24,435)
(24,439)
(24,440)
(24,441)
(24,444)
(24,445)
(24,446)
(24,451)
(24,452)
(24,456)
(24,457)
(24,458)
(24,462)
(24,463)
(24,465)
(24,466)
(24,472)
(24,473)
(24,474)
(24,1)
(24,3)
(24,4)
(24,9)
(24,12)
(24,14)
(24,15)
(24,17)
(24,19)
(24,24)
(24,28)
(24,29)
(24,30)
(24,33)
(24,34)
(24,39)
(24,41)
(24,43)
(24,45)
(24,48)
(24,54)
(24,57)
(24,60)
(24,61)
(24,65)
(24,67)
(24,68)
(24,70)
(24,71)
(24,77)
(24,79)
(24,83)
(24,88)
(24,92)
(24,94)
(24,96)
(24,98)
(24,100)
(24,102)
(24,107)
(24,110)
(24,113)
(24,116)
(24,119)
(24,120)
(24,123)
(24,128)
(24,130)
(24,135)
(24,137)
(24,139)
(24,141)
(24,142)
(24,144)
(24,147)
(24,149)
(24,155)
(24,158)
(24,166)
(24,170)
(24,178)
(24,636)
(24,183)
(24,184)
(24,185)
(24,187)
(24,190)
(24,193)
(24,195)
(24,199)
(24,200)
(24,203)
(24,205)
(24,208)
(24,214)
(24,217)
(24,225)
(24,227)
(24,230)
(24,233)
(24,238)
(24,241)
(24,243)
(24,244)
(24,246)
(24,248)
(24,251)
(24,253)
(24,256)
(24,257)
(24,262)
(24,263)
(24,264)
(24,266)
(24,269)
(24,272)
(24,274)
(24,278)
(24,279)
(24,281)
(24,282)
(24,285)
(24,287)
(24,291)
(24,294)
(24,297)
(24,299)
(24,302)
(24,304)
(24,307)
(24,309)
(24,311)
(24,312)
(24,313)
(24,315)
(24,316)
(24,318)
(24,320)
(24,322)
(24,325)
(24,326)
(24,329)
(24,333)
(24,335)
(24,338)
(24,341)
(24,343)
(24,344)
(24,346)
(24,350)
(24,353)
(24,355)
(24,360)
(24,362)
(24,367)
(24,373)
(24,374)
(24,377)
(24,380)
(24,383)
(24,386)
(24,393)
(24,399)
(24,400)
(24,403)
(24,405)
(24,408)
(24,410)
(24,414)
(24,417)
(24,420)
(24,423)
(24,425)
(24,427)
(24,428)
(24,429)
(24,432)
(24,436)
(24,438)
(24,442)
(24,447)
(24,450)
(24,453)
(24,455)
(24,459)
(24,461)
(24,515)
(24,464)
(24,467)
(24,471)
(24,475)
(33,2)
(33,5)
(33,6)
(33,7)
(33,8)
(33,12)
(33,15)
(33,19)
(33,20)
(33,21)
(33,27)
(33,30)
(33,31)
(33,35)
(33,38)
(33,39)
(33,43)
(33,44)
(33,49)
(33,50)
(33,51)
(33,571)
(33,57)
(33,58)
(33,59)
(33,62)
(33,63)
(33,64)
(33,69)
(33,72)
(33,73)
(33,74)
(33,75)
(33,76)
(33,80)
(33,81)
(33,82)
(33,87)
(33,88)
(33,94)
(33,98)
(33,102)
(33,103)
(33,104)
(33,110)
(33,111)
(33,115)
(33,116)
(33,117)
(33,121)
(33,124)
(33,125)
(33,126)
(33,131)
(33,132)
(33,137)
(33,143)
(33,144)
(33,145)
(33,148)
(33,149)
(33,150)
(33,151)
(33,158)
(33,159)
(33,160)
(33,161)
(33,162)
(33,169)
(33,170)
(33,171)
(33,172)
(33,173)
(33,179)
(33,180)
(33,181)
(33,182)
(33,186)
(33,189)
(33,190)
(33,196)
(33,197)
(33,198)
(33,200)
(33,201)
(33,202)
(33,205)
(33,206)
(33,207)
(33,213)
(33,214)
(33,215)
(33,216)
(33,219)
(33,490)
(33,220)
(33,221)
(33,222)
(33,223)
(33,227)
(33,228)
(33,233)
(33,234)
(33,241)
(33,245)
(33,248)
(33,249)
(33,250)
(33,253)
(33,254)
(33,257)
(33,258)
(33,259)
(33,260)
(33,265)
(33,270)
(33,271)
(33,275)
(33,276)
(33,277)
(33,280)
(33,283)
(33,284)
(33,288)
(33,289)
(33,290)
(33,291)
(33,295)
(33,296)
(33,301)
(33,305)
(33,306)
(33,307)
(33,319)
(33,320)
(33,324)
(33,327)
(33,328)
(33,334)
(33,335)
(33,339)
(33,340)
(33,352)
(33,353)
(33,355)
(33,356)
(33,357)
(33,362)
(33,363)
(33,367)
(33,368)
(33,369)
(33,370)
(33,371)
(33,375)
(33,376)
(33,380)
(33,381)
(33,382)
(33,387)
(33,388)
(33,393)
(33,394)
(33,395)
(33,396)
(33,397)
(33,398)
(33,401)
(33,406)
(33,407)
(33,411)
(33,412)
(33,413)
(33,418)
(33,419)
(33,429)
(33,434)
(33,435)
(33,439)
(33,440)
(33,441)
(33,445)
(33,446)
(33,447)
(33,449)
(33,450)
(33,451)
(33,454)
(33,455)
(33,456)
(33,461)
(33,466)
(33,467)
(33,472)
(33,473)
(33,474)
(33,1)
(33,3)
(33,4)
(33,494)
(33,11)
(33,13)
(33,14)
(33,16)
(33,18)
(33,22)
(33,26)
(33,28)
(33,29)
(33,32)
(33,34)
(33,36)
(33,37)
(33,40)
(33,42)
(33,45)
(33,48)
(33,52)
(33,56)
(33,60)
(33,61)
(33,65)
(33,67)
(33,68)
(33,70)
(33,71)
(33,77)
(33,79)
(33,83)
(33,86)
(33,89)
(33,93)
(33,95)
(33,97)
(33,99)
(33,101)
(33,105)
(33,109)
(33,112)
(33,114)
(33,118)
(33,120)
(33,122)
(33,123)
(33,127)
(33,130)
(33,133)
(33,136)
(33,138)
(33,139)
(33,569)
(33,142)
(33,146)
(33,147)
(33,152)
(33,157)
(33,163)
(33,168)
(33,174)
(33,178)
(33,183)
(33,185)
(33,188)
(33,191)
(33,193)
(33,195)
(33,199)
(33,203)
(33,204)
(33,208)
(33,212)
(33,217)
(33,224)
(33,226)
(33,229)
(33,232)
(33,235)
(33,240)
(33,242)
(33,244)
(33,247)
(33,251)
(33,252)
(33,255)
(33,256)
(33,261)
(33,263)
(33,264)
(33,266)
(33,269)
(33,272)
(33,274)
(33,278)
(33,279)
(33,281)
(33,282)
(33,285)
(33,287)
(33,292)
(33,294)
(33,297)
(33,299)
(33,302)
(33,304)
(33,308)
(33,310)
(33,311)
(33,316)
(33,318)
(33,321)
(33,323)
(33,325)
(33,326)
(33,329)
(33,333)
(33,336)
(33,338)
(33,341)
(33,346)
(33,351)
(33,570)
(33,358)
(33,361)
(33,364)
(33,366)
(33,372)
(33,374)
(33,377)
(33,379)
(33,383)
(33,386)
(33,389)
(33,392)
(33,399)
(33,400)
(33,403)
(33,405)
(33,408)
(33,410)
(33,414)
(33,417)
(33,420)
(33,422)
(33,423)
(33,426)
(33,427)
(33,428)
(33,430)
(33,433)
(33,436)
(33,438)
(33,442)
(33,444)
(33,448)
(33,567)
(33,452)
(33,457)
(33,460)
(33,462)
(33,465)
(33,468)
(33,491)
(33,475)
(34,614)
(34,4)
(34,5)
(34,6)
(34,10)
(34,11)
(34,12)
(34,18)
(34,19)
(34,20)
(34,26)
(34,27)
(34,30)
(34,34)
(34,38)
(34,43)
(34,44)
(34,49)
(34,50)
(34,51)
(34,52)
(34,53)
(34,58)
(34,59)
(34,62)
(34,63)
(34,64)
(34,67)
(34,68)
(34,71)
(34,75)
(34,78)
(34,79)
(34,85)
(34,86)
(34,87)
(34,91)
(34,92)
(34,93)
(34,96)
(34,97)
(34,100)
(34,101)
(34,102)
(34,103)
(34,107)
(34,108)
(34,109)
(34,113)
(34,114)
(34,115)
(34,120)
(34,123)
(34,124)
(34,127)
(34,128)
(34,129)
(34,130)
(34,136)
(34,137)
(34,142)
(34,143)
(34,144)
(34,148)
(34,149)
(34,150)
(34,151)
(34,157)
(34,158)
(34,159)
(34,160)
(34,161)
(34,168)
(34,169)
(34,170)
(34,171)
(34,172)
(34,179)
(34,180)
(34,181)
(34,182)
(34,186)
(34,189)
(34,190)
(34,193)
(34,196)
(34,197)
(34,198)
(34,206)
(34,207)
(34,208)
(34,209)
(34,216)
(34,217)
(34,223)
(34,224)
(34,225)
(34,229)
(34,230)
(34,231)
(34,505)
(34,235)
(34,236)
(34,237)
(34,238)
(34,239)
(34,243)
(34,246)
(34,255)
(34,256)
(34,261)
(34,262)
(34,268)
(34,269)
(34,273)
(34,274)
(34,278)
(34,279)
(34,280)
(34,283)
(34,286)
(34,287)
(34,294)
(34,295)
(34,298)
(34,299)
(34,300)
(34,303)
(34,304)
(34,305)
(34,309)
(34,310)
(34,311)
(34,312)
(34,501)
(34,313)
(34,314)
(34,315)
(34,316)
(34,317)
(34,318)
(34,322)
(34,323)
(34,333)
(34,334)
(34,615)
(34,342)
(34,343)
(34,344)
(34,345)
(34,349)
(34,350)
(34,355)
(34,356)
(34,360)
(34,361)
(34,362)
(34,366)
(34,367)
(34,368)
(34,369)
(34,375)
(34,379)
(34,380)
(34,381)
(34,386)
(34,387)
(34,391)
(34,392)
(34,393)
(34,400)
(34,405)
(34,409)
(34,410)
(34,411)
(34,417)
(34,418)
(34,421)
(34,424)
(34,425)
(34,428)
(34,431)
(34,432)
(34,433)
(34,434)
(34,438)
(34,439)
(34,443)
(34,444)
(34,449)
(34,450)
(34,451)
(34,454)
(34,455)
(34,456)
(34,461)
(34,462)
(34,466)
(34,467)
(34,474)
(34,475)
(34,1)
(34,2)
(34,3)
(34,7)
(34,9)
(34,13)
(34,14)
(34,15)
(34,17)
(34,21)
(34,25)
(34,28)
(34,29)
(34,31)
(34,33)
(34,35)
(34,37)
(34,39)
(34,42)
(34,45)
(34,48)
(34,54)
(34,57)
(34,60)
(34,61)
(34,65)
(34,612)
(34,69)
(34,70)
(34,72)
(34,74)
(34,76)
(34,503)
(34,80)
(34,84)
(34,88)
(34,90)
(34,94)
(34,95)
(34,98)
(34,99)
(34,104)
(34,106)
(34,110)
(34,112)
(34,116)
(34,119)
(34,121)
(34,122)
(34,125)
(34,126)
(34,135)
(34,138)
(34,139)
(34,141)
(34,145)
(34,147)
(34,152)
(34,156)
(34,162)
(34,167)
(34,173)
(34,178)
(34,183)
(34,185)
(34,188)
(34,191)
(34,192)
(34,195)
(34,199)
(34,202)
(34,203)
(34,205)
(34,210)
(34,215)
(34,218)
(34,219)
(34,220)
(34,222)
(34,226)
(34,228)
(34,232)
(34,234)
(34,240)
(34,242)
(34,244)
(34,245)
(34,247)
(34,251)
(34,252)
(34,254)
(34,257)
(34,260)
(34,263)
(34,264)
(34,267)
(34,270)
(34,275)
(34,277)
(34,281)
(34,282)
(34,284)
(34,288)
(34,293)
(34,296)
(34,297)
(34,301)
(34,302)
(34,306)
(34,308)
(34,319)
(34,321)
(34,324)
(34,325)
(34,326)
(34,500)
(34,328)
(34,332)
(34,335)
(34,338)
(34,341)
(34,346)
(34,347)
(34,348)
(34,351)
(34,354)
(34,357)
(34,359)
(34,363)
(34,365)
(34,370)
(34,374)
(34,376)
(34,378)
(34,382)
(34,385)
(34,388)
(34,390)
(34,394)
(34,395)
(34,396)
(34,399)
(34,401)
(34,404)
(34,406)
(34,408)
(34,412)
(34,416)
(34,419)
(34,420)
(34,422)
(34,423)
(34,426)
(34,427)
(34,429)
(34,435)
(34,436)
(34,437)
(34,440)
(34,442)
(34,445)
(34,448)
(34,452)
(34,457)
(34,460)
(34,463)
(34,465)
(34,468)
(34,504)
(43,2)
(43,5)
(43,6)
(43,7)
(43,13)
(43,16)
(43,21)
(43,22)
(43,23)
(43,24)
(43,30)
(43,31)
(43,608)
(43,35)
(43,38)
(43,39)
(43,43)
(43,44)
(43,749)
(43,49)
(43,50)
(43,56)
(43,57)
(43,58)
(43,62)
(43,63)
(43,64)
(43,67)
(43,69)
(43,72)
(43,75)
(43,76)
(43,79)
(43,80)
(43,86)
(43,87)
(43,93)
(43,94)
(43,97)
(43,101)
(43,102)
(43,103)
(43,109)
(43,110)
(43,114)
(43,115)
(43,116)
(43,120)
(43,121)
(43,122)
(43,123)
(43,124)
(43,125)
(43,129)
(43,130)
(43,131)
(43,137)
(43,143)
(43,144)
(43,145)
(43,146)
(43,149)
(43,150)
(43,607)
(43,151)
(43,152)
(43,160)
(43,161)
(43,162)
(43,163)
(43,164)
(43,165)
(43,171)
(43,172)
(43,173)
(43,174)
(43,175)
(43,176)
(43,177)
(43,181)
(43,182)
(43,183)
(43,189)
(43,190)
(43,191)
(43,192)
(43,197)
(43,198)
(43,199)
(43,203)
(43,208)
(43,209)
(43,210)
(43,211)
(43,212)
(43,217)
(43,218)
(43,224)
(43,225)
(43,226)
(43,746)
(43,230)
(43,231)
(43,505)
(43,610)
(43,235)
(43,236)
(43,237)
(43,238)
(43,239)
(43,243)
(43,246)
(43,251)
(43,255)
(43,256)
(43,260)
(43,261)
(43,262)
(43,748)
(43,267)
(43,268)
(43,269)
(43,272)
(43,273)
(43,274)
(43,277)
(43,278)
(43,279)
(43,280)
(43,281)
(43,286)
(43,291)
(43,293)
(43,297)
(43,298)
(43,303)
(43,304)
(43,308)
(43,309)
(43,312)
(43,314)
(43,317)
(43,321)
(43,332)
(43,333)
(43,338)
(43,343)
(43,611)
(43,348)
(43,349)
(43,350)
(43,355)
(43,356)
(43,360)
(43,361)
(43,362)
(43,366)
(43,367)
(43,368)
(43,374)
(43,375)
(43,379)
(43,380)
(43,381)
(43,385)
(43,386)
(43,390)
(43,391)
(43,392)
(43,393)
(43,400)
(43,405)
(43,409)
(43,410)
(43,411)
(43,417)
(43,418)
(43,421)
(43,424)
(43,425)
(43,432)
(43,433)
(43,434)
(43,437)
(43,438)
(43,443)
(43,444)
(43,449)
(43,450)
(43,451)
(43,454)
(43,455)
(43,456)
(43,461)
(43,466)
(43,467)
(43,474)
(43,475)
(43,1)
(43,3)
(43,4)
(43,8)
(43,12)
(43,14)
(43,15)
(43,17)
(43,20)
(43,25)
(43,747)
(43,28)
(43,29)
(43,32)
(43,34)
(43,36)
(43,37)
(43,40)
(43,42)
(43,45)
(43,48)
(43,51)
(43,55)
(43,59)
(43,61)
(43,65)
(43,66)
(43,68)
(43,70)
(43,71)
(43,73)
(43,74)
(43,77)
(43,78)
(43,81)
(43,85)
(43,88)
(43,92)
(43,95)
(43,96)
(43,98)
(43,100)
(43,104)
(43,108)
(43,111)
(43,113)
(43,117)
(43,118)
(43,119)
(43,126)
(43,128)
(43,132)
(43,136)
(43,138)
(43,139)
(43,140)
(43,142)
(43,147)
(43,148)
(43,153)
(43,159)
(43,166)
(43,170)
(43,178)
(43,180)
(43,184)
(43,186)
(43,188)
(43,193)
(43,194)
(43,196)
(43,200)
(43,202)
(43,204)
(43,207)
(43,213)
(43,216)
(43,227)
(43,229)
(43,232)
(43,234)
(43,240)
(43,242)
(43,244)
(43,245)
(43,247)
(43,250)
(43,252)
(43,254)
(43,259)
(43,263)
(43,264)
(43,266)
(43,270)
(43,271)
(43,275)
(43,276)
(43,282)
(43,285)
(43,287)
(43,290)
(43,292)
(43,294)
(43,296)
(43,299)
(43,302)
(43,305)
(43,307)
(43,310)
(43,311)
(43,501)
(43,313)
(43,315)
(43,316)
(43,318)
(43,320)
(43,322)
(43,325)
(43,500)
(43,331)
(43,334)
(43,337)
(43,339)
(43,342)
(43,344)
(43,345)
(43,346)
(43,347)
(43,351)
(43,354)
(43,357)
(43,359)
(43,363)
(43,365)
(43,369)
(43,373)
(43,376)
(43,378)
(43,382)
(43,384)
(43,387)
(43,502)
(43,395)
(43,396)
(43,399)
(43,401)
(43,404)
(43,406)
(43,408)
(43,412)
(43,416)
(43,419)
(43,420)
(43,422)
(43,423)
(43,426)
(43,427)
(43,428)
(43,431)
(43,435)
(43,436)
(43,439)
(43,442)
(43,445)
(43,448)
(43,452)
(43,457)
(43,460)
(43,462)
(43,465)
(43,468)
(43,473)
(43,504)
(44,2)
(44,5)
(44,6)
(44,7)
(44,8)
(44,13)
(44,16)
(44,21)
(44,22)
(44,23)
(44,24)
(44,31)
(44,32)
(44,36)
(44,40)
(44,41)
(44,45)
(44,46)
(44,51)
(44,52)
(44,53)
(44,54)
(44,55)
(44,60)
(44,65)
(44,655)
(44,69)
(44,777)
(44,75)
(44,79)
(44,80)
(44,86)
(44,87)
(44,93)
(44,94)
(44,97)
(44,101)
(44,102)
(44,103)
(44,109)
(44,110)
(44,114)
(44,115)
(44,116)
(44,117)
(44,120)
(44,121)
(44,122)
(44,123)
(44,124)
(44,125)
(44,129)
(44,130)
(44,131)
(44,137)
(44,143)
(44,144)
(44,145)
(44,146)
(44,149)
(44,150)
(44,151)
(44,152)
(44,153)
(44,159)
(44,160)
(44,161)
(44,162)
(44,163)
(44,169)
(44,170)
(44,171)
(44,172)
(44,173)
(44,174)
(44,180)
(44,181)
(44,182)
(44,183)
(44,186)
(44,189)
(44,190)
(44,193)
(44,196)
(44,197)
(44,198)
(44,206)
(44,207)
(44,208)
(44,215)
(44,216)
(44,217)
(44,221)
(44,222)
(44,223)
(44,224)
(44,228)
(44,229)
(44,235)
(44,236)
(44,237)
(44,242)
(44,251)
(44,255)
(44,260)
(44,261)
(44,262)
(44,529)
(44,266)
(44,772)
(44,267)
(44,268)
(44,271)
(44,272)
(44,273)
(44,276)
(44,277)
(44,278)
(44,279)
(44,285)
(44,286)
(44,290)
(44,291)
(44,292)
(44,293)
(44,297)
(44,298)
(44,302)
(44,306)
(44,307)
(44,308)
(44,317)
(44,327)
(44,328)
(44,334)
(44,335)
(44,339)
(44,340)
(44,352)
(44,353)
(44,357)
(44,358)
(44,359)
(44,360)
(44,361)
(44,362)
(44,363)
(44,364)
(44,369)
(44,370)
(44,371)
(44,372)
(44,373)
(44,477)
(44,375)
(44,376)
(44,776)
(44,378)
(44,379)
(44,384)
(44,385)
(44,390)
(44,391)
(44,400)
(44,404)
(44,405)
(44,409)
(44,415)
(44,416)
(44,417)
(44,421)
(44,422)
(44,423)
(44,424)
(44,425)
(44,654)
(44,430)
(44,431)
(44,432)
(44,436)
(44,437)
(44,441)
(44,442)
(44,443)
(44,448)
(44,449)
(44,453)
(44,454)
(44,460)
(44,465)
(44,466)
(44,472)
(44,473)
(44,474)
(44,1)
(44,3)
(44,4)
(44,9)
(44,12)
(44,14)
(44,15)
(44,17)
(44,20)
(44,25)
(44,28)
(44,29)
(44,30)
(44,33)
(44,35)
(44,37)
(44,39)
(44,42)
(44,44)
(44,47)
(44,50)
(44,56)
(44,59)
(44,61)
(44,63)
(44,64)
(44,66)
(44,478)
(44,68)
(44,70)
(44,71)
(44,72)
(44,74)
(44,76)
(44,78)
(44,81)
(44,85)
(44,88)
(44,92)
(44,95)
(44,96)
(44,98)
(44,100)
(44,104)
(44,108)
(44,111)
(44,113)
(44,118)
(44,119)
(44,126)
(44,128)
(44,132)
(44,136)
(44,138)
(44,139)
(44,140)
(44,142)
(44,147)
(44,148)
(44,154)
(44,476)
(44,164)
(44,168)
(44,175)
(44,179)
(44,184)
(44,185)
(44,188)
(44,191)
(44,192)
(44,195)
(44,199)
(44,202)
(44,203)
(44,205)
(44,209)
(44,214)
(44,218)
(44,219)
(44,220)
(44,225)
(44,227)
(44,230)
(44,234)
(44,238)
(44,241)
(44,243)
(44,245)
(44,246)
(44,250)
(44,252)
(44,254)
(44,256)
(44,259)
(44,263)
(44,264)
(44,265)
(44,269)
(44,270)
(44,274)
(44,275)
(44,281)
(44,282)
(44,287)
(44,289)
(44,294)
(44,296)
(44,299)
(44,656)
(44,303)
(44,305)
(44,309)
(44,310)
(44,311)
(44,313)
(44,314)
(44,316)
(44,319)
(44,320)
(44,321)
(44,324)
(44,325)
(44,326)
(44,329)
(44,333)
(44,336)
(44,338)
(44,341)
(44,346)
(44,347)
(44,351)
(44,354)
(44,356)
(44,365)
(44,368)
(44,374)
(44,653)
(44,377)
(44,773)
(44,380)
(44,383)
(44,386)
(44,389)
(44,392)
(44,399)
(44,401)
(44,403)
(44,406)
(44,408)
(44,410)
(44,414)
(44,418)
(44,420)
(44,426)
(44,427)
(44,428)
(44,429)
(44,433)
(44,435)
(44,438)
(44,440)
(44,447)
(44,450)
(44,452)
(44,455)
(44,459)
(44,461)
(44,464)
(44,467)
(44,471)
(44,475)
(56,2)
(56,5)
(56,6)
(56,7)
(56,12)
(56,13)
(56,16)
(56,21)
(56,22)
(56,23)
(56,31)
(56,32)
(56,36)
(56,40)
(56,41)
(56,45)
(56,50)
(56,51)
(56,52)
(56,53)
(56,54)
(56,59)
(56,60)
(56,65)
(56,68)
(56,69)
(56,70)
(56,73)
(56,77)
(56,80)
(56,81)
(56,82)
(56,83)
(56,84)
(56,89)
(56,90)
(56,91)
(56,92)
(56,95)
(56,96)
(56,99)
(56,100)
(56,105)
(56,106)
(56,107)
(56,112)
(56,113)
(56,118)
(56,121)
(56,125)
(56,126)
(56,127)
(56,131)
(56,132)
(56,133)
(56,134)
(56,138)
(56,143)
(56,144)
(56,145)
(56,149)
(56,155)
(56,156)
(56,157)
(56,158)
(56,165)
(56,166)
(56,167)
(56,168)
(56,169)
(56,170)
(56,175)
(56,176)
(56,177)
(56,178)
(56,499)
(56,179)
(56,180)
(56,184)
(56,185)
(56,187)
(56,188)
(56,191)
(56,192)
(56,195)
(56,196)
(56,200)
(56,201)
(56,205)
(56,206)
(56,212)
(56,213)
(56,214)
(56,215)
(56,846)
(56,219)
(56,220)
(56,221)
(56,227)
(56,228)
(56,232)
(56,233)
(56,843)
(56,235)
(56,236)
(56,237)
(56,238)
(56,239)
(56,240)
(56,243)
(56,246)
(56,251)
(56,252)
(56,256)
(56,262)
(56,267)
(56,268)
(56,269)
(56,273)
(56,274)
(56,275)
(56,278)
(56,279)
(56,282)
(56,579)
(56,286)
(56,287)
(56,291)
(56,293)
(56,294)
(56,295)
(56,298)
(56,299)
(56,300)
(56,303)
(56,304)
(56,309)
(56,310)
(56,311)
(56,312)
(56,313)
(56,314)
(56,315)
(56,316)
(56,317)
(56,318)
(56,322)
(56,323)
(56,326)
(56,327)
(56,332)
(56,333)
(56,338)
(56,498)
(56,343)
(56,344)
(56,345)
(56,497)
(56,347)
(56,348)
(56,349)
(56,350)
(56,354)
(56,355)
(56,359)
(56,360)
(56,361)
(56,362)
(56,365)
(56,366)
(56,367)
(56,374)
(56,375)
(56,379)
(56,380)
(56,381)
(56,386)
(56,392)
(56,393)
(56,394)
(56,395)
(56,578)
(56,400)
(56,404)
(56,405)
(56,409)
(56,410)
(56,416)
(56,417)
(56,418)
(56,421)
(56,424)
(56,425)
(56,430)
(56,431)
(56,432)
(56,433)
(56,437)
(56,442)
(56,443)
(56,448)
(56,449)
(56,450)
(56,453)
(56,454)
(56,455)
(56,460)
(56,465)
(56,466)
(56,472)
(56,473)
(56,474)
(56,1)
(56,3)
(56,4)
(56,8)
(56,11)
(56,14)
(56,15)
(56,17)
(56,20)
(56,24)
(56,28)
(56,29)
(56,30)
(56,33)
(56,35)
(56,37)
(56,39)
(56,42)
(56,43)
(56,44)
(56,46)
(56,49)
(56,55)
(56,58)
(56,61)
(56,62)
(56,63)
(56,64)
(56,66)
(56,71)
(56,72)
(56,74)
(56,76)
(56,78)
(56,79)
(56,85)
(56,88)
(56,93)
(56,97)
(56,98)
(56,101)
(56,104)
(56,108)
(56,111)
(56,114)
(56,117)
(56,119)
(56,120)
(56,122)
(56,124)
(56,128)
(56,130)
(56,135)
(56,137)
(56,844)
(56,139)
(56,140)
(56,142)
(56,146)
(56,148)
(56,495)
(56,154)
(56,159)
(56,164)
(56,171)
(56,174)
(56,181)
(56,183)
(56,186)
(56,189)
(56,193)
(56,194)
(56,197)
(56,199)
(56,202)
(56,204)
(56,207)
(56,211)
(56,216)
(56,218)
(56,222)
(56,226)
(56,229)
(56,231)
(56,718)
(56,234)
(56,241)
(56,242)
(56,244)
(56,247)
(56,250)
(56,253)
(56,255)
(56,257)
(56,261)
(56,263)
(56,264)
(56,266)
(56,270)
(56,272)
(56,276)
(56,280)
(56,281)
(56,283)
(56,285)
(56,290)
(56,292)
(56,296)
(56,297)
(56,301)
(56,302)
(56,305)
(56,307)
(56,319)
(56,321)
(56,324)
(56,325)
(56,331)
(56,334)
(56,337)
(56,339)
(56,342)
(56,346)
(56,351)
(56,353)
(56,356)
(56,358)
(56,368)
(56,373)
(56,376)
(56,378)
(56,382)
(56,385)
(56,387)
(56,391)
(56,719)
(56,399)
(56,401)
(56,403)
(56,406)
(56,408)
(56,411)
(56,414)
(56,415)
(56,419)
(56,420)
(56,422)
(56,423)
(56,426)
(56,427)
(56,428)
(56,429)
(56,434)
(56,436)
(56,438)
(56,441)
(56,444)
(56,447)
(56,451)
(56,452)
(56,459)
(56,461)
(56,464)
(56,467)
(56,471)
(56,475)
(62,2)
(62,5)
(62,6)
(62,7)
(62,8)
(62,13)
(62,597)
(62,16)
(62,20)
(62,21)
(62,22)
(62,23)
(62,31)
(62,32)
(62,35)
(62,36)
(62,40)
(62,41)
(62,44)
(62,45)
(62,49)
(62,50)
(62,51)
(62,52)
(62,53)
(62,54)
(62,59)
(62,60)
(62,65)
(62,68)
(62,69)
(62,70)
(62,73)
(62,77)
(62,600)
(62,598)
(62,80)
(62,81)
(62,82)
(62,88)
(62,89)
(62,95)
(62,99)
(62,103)
(62,104)
(62,105)
(62,111)
(62,117)
(62,118)
(62,122)
(62,126)
(62,127)
(62,596)
(62,131)
(62,132)
(62,133)
(62,138)
(62,140)
(62,141)
(62,145)
(62,146)
(62,147)
(62,150)
(62,151)
(62,158)
(62,159)
(62,160)
(62,161)
(62,162)
(62,163)
(62,169)
(62,170)
(62,171)
(62,172)
(62,173)
(62,499)
(62,179)
(62,180)
(62,181)
(62,182)
(62,185)
(62,186)
(62,187)
(62,188)
(62,199)
(62,200)
(62,201)
(62,204)
(62,210)
(62,211)
(62,212)
(62,213)
(62,214)
(62,218)
(62,226)
(62,602)
(62,227)
(62,230)
(62,231)
(62,232)
(62,233)
(62,236)
(62,237)
(62,238)
(62,239)
(62,240)
(62,243)
(62,246)
(62,251)
(62,252)
(62,256)
(62,262)
(62,268)
(62,269)
(62,273)
(62,274)
(62,275)
(62,279)
(62,280)
(62,281)
(62,282)
(62,286)
(62,287)
(62,288)
(62,293)
(62,294)
(62,295)
(62,299)
(62,300)
(62,301)
(62,303)
(62,304)
(62,305)
(62,309)
(62,310)
(62,311)
(62,312)
(62,313)
(62,314)
(62,315)
(62,318)
(62,322)
(62,323)
(62,324)
(62,325)
(62,326)
(62,327)
(62,333)
(62,338)
(62,339)
(62,343)
(62,345)
(62,497)
(62,348)
(62,349)
(62,350)
(62,355)
(62,356)
(62,360)
(62,361)
(62,362)
(62,366)
(62,367)
(62,368)
(62,369)
(62,375)
(62,376)
(62,379)
(62,380)
(62,381)
(62,386)
(62,392)
(62,394)
(62,395)
(62,396)
(62,397)
(62,398)
(62,401)
(62,402)
(62,406)
(62,407)
(62,409)
(62,410)
(62,411)
(62,417)
(62,418)
(62,421)
(62,424)
(62,425)
(62,430)
(62,431)
(62,432)
(62,433)
(62,434)
(62,437)
(62,438)
(62,443)
(62,444)
(62,449)
(62,450)
(62,451)
(62,454)
(62,455)
(62,456)
(62,461)
(62,466)
(62,467)
(62,472)
(62,473)
(62,474)
(62,1)
(62,3)
(62,4)
(62,12)
(62,14)
(62,15)
(62,17)
(62,19)
(62,24)
(62,28)
(62,29)
(62,30)
(62,33)
(62,34)
(62,37)
(62,39)
(62,42)
(62,43)
(62,46)
(62,601)
(62,55)
(62,58)
(62,61)
(62,62)
(62,63)
(62,64)
(62,66)
(62,71)
(62,72)
(62,74)
(62,76)
(62,78)
(62,79)
(62,83)
(62,87)
(62,90)
(62,94)
(62,96)
(62,98)
(62,100)
(62,102)
(62,106)
(62,110)
(62,113)
(62,116)
(62,119)
(62,121)
(62,123)
(62,125)
(62,128)
(62,130)
(62,134)
(62,137)
(62,139)
(62,142)
(62,144)
(62,148)
(62,495)
(62,152)
(62,157)
(62,164)
(62,168)
(62,174)
(62,178)
(62,183)
(62,184)
(62,595)
(62,189)
(62,191)
(62,192)
(62,193)
(62,736)
(62,195)
(62,202)
(62,203)
(62,205)
(62,209)
(62,215)
(62,217)
(62,219)
(62,220)
(62,221)
(62,225)
(62,228)
(62,234)
(62,235)
(62,241)
(62,242)
(62,244)
(62,738)
(62,247)
(62,250)
(62,253)
(62,255)
(62,257)
(62,261)
(62,263)
(62,264)
(62,267)
(62,270)
(62,272)
(62,276)
(62,278)
(62,283)
(62,289)
(62,292)
(62,296)
(62,298)
(62,302)
(62,306)
(62,308)
(62,316)
(62,317)
(62,319)
(62,321)
(62,332)
(62,334)
(62,340)
(62,498)
(62,344)
(62,346)
(62,347)
(62,351)
(62,354)
(62,357)
(62,359)
(62,363)
(62,365)
(62,370)
(62,374)
(62,377)
(62,378)
(62,382)
(62,385)
(62,387)
(62,391)
(62,399)
(62,400)
(62,403)
(62,405)
(62,408)
(62,737)
(62,412)
(62,416)
(62,419)
(62,420)
(62,422)
(62,423)
(62,426)
(62,427)
(62,428)
(62,429)
(62,435)
(62,436)
(62,439)
(62,442)
(62,445)
(62,448)
(62,452)
(62,457)
(62,460)
(62,462)
(62,465)
(62,468)
(62,599)
(62,475)
(9,2)
(9,5)
(9,6)
(9,7)
(9,8)
(9,13)
(9,16)
(9,20)
(9,21)
(9,22)
(9,30)
(9,31)
(9,35)
(9,39)
(9,40)
(9,44)
(9,49)
(9,50)
(9,51)
(9,52)
(9,53)
(9,58)
(9,59)
(9,62)
(9,63)
(9,64)
(9,68)
(9,71)
(9,75)
(9,79)
(9,85)
(9,86)
(9,87)
(9,92)
(9,93)
(9,94)
(9,97)
(9,100)
(9,101)
(9,102)
(9,103)
(9,108)
(9,109)
(9,110)
(9,114)
(9,115)
(9,120)
(9,123)
(9,124)
(9,128)
(9,129)
(9,130)
(9,136)
(9,137)
(9,142)
(9,143)
(9,144)
(9,148)
(9,149)
(9,150)
(9,156)
(9,157)
(9,158)
(9,476)
(9,165)
(9,166)
(9,167)
(9,168)
(9,169)
(9,170)
(9,175)
(9,176)
(9,177)
(9,178)
(9,179)
(9,180)
(9,185)
(9,187)
(9,188)
(9,195)
(9,196)
(9,197)
(9,200)
(9,201)
(9,205)
(9,206)
(9,212)
(9,213)
(9,214)
(9,215)
(9,219)
(9,220)
(9,221)
(9,222)
(9,223)
(9,227)
(9,228)
(9,232)
(9,233)
(9,241)
(9,245)
(9,248)
(9,249)
(9,250)
(9,253)
(9,254)
(9,257)
(9,258)
(9,259)
(9,260)
(9,261)
(9,265)
(9,266)
(9,271)
(9,272)
(9,276)
(9,277)
(9,278)
(9,284)
(9,285)
(9,288)
(9,289)
(9,290)
(9,291)
(9,292)
(9,520)
(9,297)
(9,301)
(9,305)
(9,306)
(9,307)
(9,315)
(9,319)
(9,323)
(9,324)
(9,327)
(9,328)
(9,334)
(9,338)
(9,339)
(9,340)
(9,350)
(9,351)
(9,352)
(9,356)
(9,357)
(9,358)
(9,363)
(9,368)
(9,369)
(9,370)
(9,371)
(9,372)
(9,375)
(9,376)
(9,380)
(9,381)
(9,382)
(9,387)
(9,388)
(9,391)
(9,392)
(9,393)
(9,394)
(9,395)
(9,400)
(9,405)
(9,409)
(9,410)
(9,416)
(9,417)
(9,418)
(9,421)
(9,424)
(9,425)
(9,431)
(9,432)
(9,433)
(9,434)
(9,437)
(9,438)
(9,443)
(9,444)
(9,449)
(9,450)
(9,451)
(9,517)
(9,454)
(9,455)
(9,460)
(9,465)
(9,466)
(9,472)
(9,473)
(9,474)
(9,1)
(9,3)
(9,4)
(9,9)
(9,12)
(9,14)
(9,15)
(9,17)
(9,19)
(9,23)
(9,28)
(9,516)
(9,29)
(9,32)
(9,34)
(9,36)
(9,38)
(9,41)
(9,43)
(9,45)
(9,48)
(9,54)
(9,57)
(9,60)
(9,61)
(9,65)
(9,67)
(9,478)
(9,69)
(9,70)
(9,72)
(9,74)
(9,76)
(9,78)
(9,80)
(9,84)
(9,88)
(9,91)
(9,95)
(9,96)
(9,98)
(9,99)
(9,104)
(9,107)
(9,111)
(9,113)
(9,116)
(9,119)
(9,121)
(9,122)
(9,125)
(9,127)
(9,131)
(9,135)
(9,138)
(9,139)
(9,141)
(9,145)
(9,147)
(9,151)
(9,155)
(9,159)
(9,164)
(9,171)
(9,174)
(9,181)
(9,184)
(9,186)
(9,189)
(9,191)
(9,192)
(9,193)
(9,194)
(9,198)
(9,199)
(9,202)
(9,204)
(9,207)
(9,211)
(9,216)
(9,218)
(9,226)
(9,229)
(9,231)
(9,234)
(9,240)
(9,242)
(9,244)
(9,247)
(9,251)
(9,252)
(9,255)
(9,262)
(9,263)
(9,264)
(9,267)
(9,270)
(9,273)
(9,275)
(9,279)
(9,281)
(9,282)
(9,283)
(9,293)
(9,296)
(9,298)
(9,300)
(9,302)
(9,304)
(9,308)
(9,310)
(9,311)
(9,521)
(9,313)
(9,314)
(9,316)
(9,318)
(9,320)
(9,322)
(9,325)
(9,326)
(9,329)
(9,333)
(9,335)
(9,341)
(9,343)
(9,344)
(9,345)
(9,346)
(9,349)
(9,353)
(9,355)
(9,359)
(9,362)
(9,364)
(9,367)
(9,373)
(9,374)
(9,377)
(9,379)
(9,383)
(9,386)
(9,389)
(9,390)
(9,396)
(9,399)
(9,401)
(9,404)
(9,406)
(9,408)
(9,411)
(9,415)
(9,419)
(9,420)
(9,422)
(9,423)
(9,426)
(9,427)
(9,428)
(9,430)
(9,435)
(9,436)
(9,439)
(9,442)
(9,445)
(9,448)
(9,452)
(9,453)
(9,456)
(9,459)
(9,461)
(9,464)
(9,467)
(9,471)
(9,475)
(96,2)
(96,5)
(96,6)
(96,783)
(96,13)
(96,16)
(96,21)
(96,22)
(96,23)
(96,24)
(96,31)
(96,480)
(96,884)
(96,35)
(96,38)
(96,39)
(96,43)
(96,44)
(96,49)
(96,50)
(96,51)
(96,52)
(96,53)
(96,54)
(96,58)
(96,59)
(96,60)
(96,62)
(96,65)
(96,68)
(96,69)
(96,73)
(96,76)
(96,77)
(96,80)
(96,81)
(96,82)
(96,83)
(96,88)
(96,94)
(96,98)
(96,101)
(96,102)
(96,103)
(96,108)
(96,109)
(96,110)
(96,784)
(96,785)
(96,114)
(96,115)
(96,887)
(96,116)
(96,120)
(96,123)
(96,129)
(96,130)
(96,131)
(96,132)
(96,133)
(96,136)
(96,137)
(96,141)
(96,142)
(96,147)
(96,148)
(96,152)
(96,153)
(96,547)
(96,154)
(96,155)
(96,156)
(96,157)
(96,163)
(96,164)
(96,165)
(96,166)
(96,167)
(96,168)
(96,169)
(96,676)
(96,174)
(96,175)
(96,176)
(96,177)
(96,178)
(96,183)
(96,184)
(96,189)
(96,190)
(96,194)
(96,199)
(96,200)
(96,204)
(96,208)
(96,209)
(96,210)
(96,211)
(96,212)
(96,217)
(96,218)
(96,224)
(96,225)
(96,226)
(96,227)
(96,230)
(96,231)
(96,232)
(96,233)
(96,237)
(96,238)
(96,239)
(96,240)
(96,243)
(96,548)
(96,246)
(96,247)
(96,252)
(96,253)
(96,257)
(96,258)
(96,263)
(96,264)
(96,268)
(96,269)
(96,270)
(96,271)
(96,272)
(96,275)
(96,279)
(96,280)
(96,283)
(96,284)
(96,286)
(96,287)
(96,295)
(96,300)
(96,301)
(96,304)
(96,305)
(96,308)
(96,309)
(96,673)
(96,314)
(96,317)
(96,322)
(96,323)
(96,324)
(96,944)
(96,326)
(96,327)
(96,330)
(96,331)
(96,332)
(96,337)
(96,342)
(96,343)
(96,346)
(96,351)
(96,355)
(96,356)
(96,357)
(96,363)
(96,364)
(96,368)
(96,369)
(96,370)
(96,371)
(96,674)
(96,376)
(96,377)
(96,382)
(96,383)
(96,384)
(96,388)
(96,389)
(96,390)
(96,397)
(96,398)
(96,399)
(96,402)
(96,403)
(96,407)
(96,408)
(96,412)
(96,413)
(96,414)
(96,415)
(96,420)
(96,421)
(96,427)
(96,428)
(96,429)
(96,430)
(96,436)
(96,441)
(96,442)
(96,447)
(96,448)
(96,453)
(96,454)
(96,460)
(96,465)
(96,466)
(96,472)
(96,473)
(96,474)
(96,1)
(96,3)
(96,4)
(96,7)
(96,11)
(96,12)
(96,14)
(96,15)
(96,17)
(96,20)
(96,25)
(96,28)
(96,29)
(96,30)
(96,32)
(96,34)
(96,36)
(96,37)
(96,40)
(96,42)
(96,45)
(96,48)
(96,55)
(96,57)
(96,61)
(96,63)
(96,64)
(96,66)
(96,67)
(96,70)
(96,72)
(96,74)
(96,78)
(96,79)
(96,84)
(96,87)
(96,943)
(96,93)
(96,95)
(96,97)
(96,99)
(96,100)
(96,104)
(96,107)
(96,941)
(96,545)
(96,111)
(96,113)
(96,117)
(96,119)
(96,121)
(96,122)
(96,124)
(96,128)
(96,134)
(96,135)
(96,138)
(96,483)
(96,139)
(96,140)
(96,143)
(96,146)
(96,149)
(96,158)
(96,162)
(96,170)
(96,173)
(96,786)
(96,182)
(96,185)
(96,186)
(96,187)
(96,188)
(96,191)
(96,192)
(96,193)
(96,195)
(96,201)
(96,203)
(96,945)
(96,207)
(96,213)
(96,216)
(96,228)
(96,229)
(96,234)
(96,236)
(96,241)
(96,242)
(96,244)
(96,245)
(96,248)
(96,251)
(96,254)
(96,256)
(96,259)
(96,262)
(96,265)
(96,267)
(96,274)
(96,276)
(96,278)
(96,281)
(96,282)
(96,285)
(96,288)
(96,672)
(96,294)
(96,296)
(96,299)
(96,302)
(96,303)
(96,942)
(96,307)
(96,310)
(96,311)
(96,312)
(96,313)
(96,315)
(96,316)
(96,318)
(96,321)
(96,329)
(96,333)
(96,336)
(96,338)
(96,341)
(96,344)
(96,345)
(96,347)
(96,350)
(96,352)
(96,354)
(96,358)
(96,362)
(96,367)
(96,372)
(96,374)
(96,378)
(96,381)
(96,385)
(96,387)
(96,391)
(96,394)
(96,395)
(96,396)
(96,400)
(96,401)
(96,404)
(96,406)
(96,409)
(96,411)
(96,416)
(96,419)
(96,422)
(96,423)
(96,426)
(96,431)
(96,435)
(96,437)
(96,440)
(96,443)
(96,446)
(96,449)
(96,452)
(96,455)
(96,459)
(96,461)
(96,464)
(96,467)
(96,471)
(96,475)
