family_0_0
family_0_1 (9,1) (18,1) (24,1) (33,1) (34,1) (43,1) (44,1) (56,1) (62,1) (96,1)
family_0_10 (34,10)
family_0_100 (9,100) (18,100) (34,100) (56,100) (62,100)
family_0_101 (9,101) (18,101) (34,101) (43,101) (44,101) (56,101) (96,101)
family_0_102 (9,102) (24,102) (33,102) (34,102) (43,102) (44,102) (96,102)
family_0_103 (9,103) (24,103) (33,103) (34,103) (43,103) (44,103) (96,103)
family_0_104 (9,104) (18,104) (24,104) (33,104) (34,104) (43,104) (44,104) (56,104) (62,104) (96,104)
family_0_105 (18,105) (24,105) (56,105) (62,105)
family_0_106 (18,106) (56,106) (62,106)
family_0_107 (9,107) (18,107) (34,107) (56,107)
family_0_108 (9,108) (18,108) (34,108) (56,108) (96,108)
family_0_109 (9,109) (24,109) (33,109) (34,109) (43,109) (44,109) (96,109)
family_0_11 (33,11) (34,11)
family_0_110 (9,110) (24,110) (33,110) (34,110) (43,110) (44,110) (96,110)
family_0_111 (18,111) (24,111) (33,111) (43,111) (44,111) (56,111) (62,111) (96,111)
family_0_112 (18,112) (24,112) (56,112)
family_0_113 (9,113) (18,113) (34,113) (56,113) (62,113)
family_0_114 (9,114) (18,114) (33,114) (34,114) (43,114) (44,114) (56,114) (62,114) (96,114)
family_0_115 (9,115) (33,115) (34,115) (43,115) (44,115) (96,115)
family_0_116 (9,116) (24,116) (33,116) (34,116) (43,116) (44,116) (96,116)
family_0_117 (24,117) (33,117) (43,117) (44,117) (96,117)
family_0_118 (18,118) (24,118) (33,118) (43,118) (44,118) (56,118) (62,118)
family_0_119 (9,119) (18,119) (24,119) (34,119) (56,119) (62,119) (96,119)
family_0_12 (9,12) (18,12) (24,12) (33,12) (34,12) (44,12) (56,12) (62,12) (96,12)
family_0_120 (9,120) (24,120) (33,120) (34,120) (43,120) (44,120) (96,120)
family_0_121 (24,121) (33,121) (34,121) (43,121) (44,121) (56,121) (96,121)
family_0_122 (9,122) (18,122) (24,122) (33,122) (34,122) (43,122) (44,122) (56,122) (62,122) (96,122)
family_0_123 (9,123) (18,123) (33,123) (34,123) (43,123) (44,123) (56,123) (62,123) (96,123)
family_0_124 (9,124) (33,124) (34,124) (43,124) (44,124) (96,124)
family_0_125 (24,125) (33,125) (34,125) (43,125) (44,125)
family_0_126 (18,126) (24,126) (33,126) (43,126) (44,126) (56,126) (62,126)
family_0_127 (9,127) (18,127) (24,127) (56,127) (62,127)
family_0_128 (9,128) (18,128) (24,128) (34,128) (56,128) (62,128)
family_0_129 (9,129) (18,129) (34,129) (44,129) (56,129) (62,129) (96,129)
family_0_13 (9,13) (18,13) (24,13) (33,13) (34,13) (43,13) (44,13) (56,13) (62,13) (96,13)
family_0_130 (9,130) (18,130) (24,130) (33,130) (34,130) (43,130) (44,130) (96,130)
family_0_131 (24,131) (33,131) (43,131) (44,131) (56,131) (62,131) (96,131)
family_0_132 (18,132) (24,132) (33,132) (43,132) (44,132) (56,132) (62,132) (96,132)
family_0_133 (18,133) (24,133) (56,133) (62,133) (96,133)
family_0_134 (18,134) (24,134) (56,134) (62,134) (96,134)
family_0_135 (9,135) (34,135) (56,135) (62,135)
family_0_136 (9,136) (33,136) (34,136) (43,136) (44,136) (96,136)
family_0_137 (9,137) (18,137) (24,137) (33,137) (34,137) (43,137) (44,137) (56,137) (62,137) (96,137)
family_0_138 (18,138) (24,138) (33,138) (34,138) (43,138) (44,138) (56,138) (62,138) (96,138)
family_0_139 (9,139) (18,139) (24,139) (33,139) (43,139) (44,139) (56,139) (62,139) (96,139)
family_0_14 (9,14) (18,14) (24,14) (34,14) (43,14) (44,14) (56,14) (62,14) (96,14)
family_0_140 (18,140) (24,140) (43,140) (44,140) (56,140) (62,140) (96,140)
family_0_141 (18,141) (62,141) (96,141)
family_0_142 (9,142) (18,142) (33,142) (34,142) (56,142) (62,142) (96,142)
family_0_143 (9,143) (33,143) (34,143) (43,143) (56,143) (96,143)
family_0_144 (9,144) (24,144) (33,144) (34,144) (43,144) (44,144) (56,144)
family_0_145 (9,145) (18,145) (24,145) (33,145) (34,145) (43,145) (44,145) (56,145)
family_0_146 (18,146) (24,146) (33,146) (43,146) (44,146) (56,146) (62,146)
family_0_147 (9,147) (18,147) (24,147) (44,147) (62,147) (96,147)
family_0_148 (9,148) (18,148) (33,148) (34,148) (56,148) (62,148) (96,148)
family_0_149 (9,149) (33,149) (34,149) (43,149) (44,149) (56,149) (96,149)
family_0_15 (9,15) (18,15) (24,15) (33,15) (34,15) (43,15) (44,15) (56,15) (62,15) (96,15)
family_0_150 (9,150) (24,150) (33,150) (34,150) (43,150) (44,150) (62,150)
family_0_151 (18,151) (24,151) (33,151) (34,151) (43,151) (44,151) (62,151)
family_0_152 (18,152) (24,152) (33,152) (43,152) (44,152) (62,152)
family_0_153 (18,153) (24,153) (43,153) (44,153) (96,153)
family_0_154 (18,154) (24,154) (44,154) (96,154)
family_0_155 (18,155) (24,155) (56,155) (96,155)
family_0_156 (9,156) (18,156) (56,156) (96,156)
family_0_157 (9,157) (56,157) (96,157)
family_0_158 (9,158) (33,158) (34,158) (56,158) (62,158) (96,158)
family_0_159 (24,159) (33,159) (34,159) (44,159) (56,159) (62,159)
family_0_16 (9,16) (18,16) (24,16) (33,16) (43,16) (44,16) (56,16) (62,16) (96,16)
family_0_160 (24,160) (33,160) (34,160) (43,160) (44,160) (62,160)
family_0_161 (24,161) (33,161) (34,161) (43,161) (44,161) (62,161)
family_0_162 (24,162) (33,162) (34,162) (43,162) (44,162) (62,162)
family_0_163 (24,163) (33,163) (34,163) (43,163) (44,163) (62,163)
family_0_164 (9,164) (18,164) (24,164) (43,164) (62,164)
family_0_165 (9,165) (18,165) (43,165) (96,165)
family_0_166 (9,166) (18,166) (43,166) (56,166) (96,166)
family_0_167 (9,167) (18,167) (56,167) (96,167)
family_0_168 (9,168) (18,168) (56,168) (96,168)
family_0_169 (9,169) (18,169) (33,169) (34,169) (44,169) (56,169) (96,169)
family_0_17 (9,17) (18,17) (24,17) (43,17) (44,17) (56,17) (62,17) (96,17)
family_0_170 (9,170) (33,170) (34,170) (44,170) (56,170) (62,170) (96,170)
family_0_171 (9,171) (24,171) (33,171) (34,171) (43,171) (44,171) (56,171) (62,171) (96,171)
family_0_172 (18,172) (24,172) (33,172) (34,172) (43,172) (44,172) (62,172)
family_0_173 (18,173) (24,173) (33,173) (34,173) (43,173) (44,173) (62,173)
family_0_174 (18,174) (24,174) (33,174) (43,174) (44,174) (62,174) (96,174)
family_0_175 (18,175) (24,175) (43,175) (62,175) (96,175)
family_0_176 (9,176) (18,176) (24,176) (43,176) (62,176) (96,176)
family_0_177 (9,177) (18,177) (24,177) (43,177) (56,177) (96,177)
family_0_178 (9,178) (18,178) (43,178) (56,178) (96,178)
family_0_179 (9,179) (18,179) (56,179) (62,179) (96,179)
family_0_18 (33,18) (34,18)
family_0_180 (9,180) (18,180) (24,180) (33,180) (34,180) (44,180) (56,180) (62,180)
family_0_181 (9,181) (24,181) (33,181) (34,181) (43,181) (44,181) (56,181) (62,181)
family_0_182 (18,182) (24,182) (33,182) (34,182) (43,182) (44,182) (62,182)
family_0_183 (18,183) (24,183) (33,183) (34,183) (43,183) (44,183) (62,183) (96,183)
family_0_184 (9,184) (18,184) (43,184) (44,184) (56,184) (96,184)
family_0_185 (9,185) (18,185) (24,185) (33,185) (34,185) (56,185) (62,185) (96,185)
family_0_186 (9,186) (24,186) (33,186) (34,186) (34,612) (43,186) (44,186) (56,186) (62,186)
family_0_187 (9,187) (18,187) (56,187) (62,187) (96,187)
family_0_188 (9,188) (18,188) (24,188) (33,188) (34,188) (44,188) (56,188) (62,188)
family_0_189 (9,189) (24,189) (33,189) (34,189) (43,189) (44,189) (56,189) (62,189) (96,189)
family_0_19 (33,19) (34,19)
family_0_190 (24,190) (33,190) (34,190) (43,190) (44,190) (62,190) (96,190)
family_0_191 (9,191) (18,191) (33,191) (34,191) (43,191) (44,191) (56,191) (96,191)
family_0_192 (9,192) (18,192) (34,192) (43,192) (44,192) (56,192) (96,192)
family_0_193 (24,193) (33,193) (34,193) (43,193) (44,193) (62,193) (96,193)
family_0_194 (18,194) (43,194) (96,194)
family_0_195 (9,195) (18,195) (24,195) (33,195) (56,195) (62,195) (96,195)
family_0_196 (9,196) (24,196) (33,196) (34,196) (44,196) (56,196)
family_0_197 (24,197) (33,197) (34,197) (44,197)
family_0_198 (24,198) (33,198) (34,198) (44,198)
family_0_199 (9,199) (18,199) (34,199) (43,199) (44,199) (56,199) (62,199) (96,199)
family_0_2 (9,2) (18,2) (24,2) (33,2) (34,2) (43,2) (44,2) (56,2) (62,2) (96,2)
family_0_20 (9,20) (18,20) (24,20) (33,20) (34,20) (62,20)
family_0_200 (9,200) (18,200) (33,200) (43,200) (56,200) (62,200) (96,200)
family_0_201 (9,201) (18,201) (24,201) (33,201) (56,201) (62,201) (96,201)
family_0_202 (9,202) (24,202) (33,202) (34,202) (44,202) (56,202) (62,202)
family_0_203 (18,203) (24,203) (33,203) (34,203) (43,203) (44,203) (62,203) (96,203)
family_0_204 (9,204) (18,204) (43,204) (56,204) (62,204) (96,204)
family_0_205 (9,205) (18,205) (24,205) (33,205) (44,205) (56,205) (62,205)
family_0_206 (9,206) (24,206) (33,206) (34,206) (44,206) (56,206)
family_0_207 (24,207) (33,207) (34,207) (44,207)
family_0_208 (18,208) (24,208) (34,208) (43,208) (44,208) (96,208)
family_0_209 (18,209) (34,209) (43,209) (44,209) (62,209) (96,209)
family_0_21 (9,21) (18,21) (24,21) (33,21) (34,21) (43,21) (44,21) (56,21) (62,21) (96,21)
family_0_210 (9,210) (18,210) (34,210) (43,210) (62,210) (96,210)
family_0_211 (9,211) (18,211) (43,211) (56,211) (62,211) (96,211)
family_0_212 (9,212) (18,212) (33,212) (43,212) (56,212) (62,212) (96,212)
family_0_213 (9,213) (33,213) (43,213) (56,213) (62,213) (96,213)
family_0_214 (9,214) (24,214) (33,214) (44,214) (56,214) (62,214)
family_0_215 (9,215) (24,215) (33,215) (34,215) (44,215) (56,215) (62,215)
family_0_216 (18,216) (24,216) (33,216) (34,216) (43,216) (44,216) (56,216)
family_0_217 (18,217) (24,217) (33,217) (34,217) (43,217) (44,217) (96,217)
family_0_218 (9,218) (18,218) (34,218) (43,218) (44,218) (62,218) (96,218)
family_0_219 (9,219) (24,219) (33,219) (44,219) (56,219) (62,219)
family_0_22 (9,22) (18,22) (24,22) (33,22) (43,22) (44,22) (56,22) (62,22) (96,22)
family_0_220 (9,220) (24,220) (33,220) (44,220) (56,220) (62,220)
family_0_221 (9,221) (24,221) (33,221) (44,221) (56,221) (62,221)
family_0_222 (9,222) (24,222) (33,222) (44,222) (56,222)
family_0_223 (24,223) (33,223) (34,223) (44,223)
family_0_224 (18,224) (24,224) (34,224) (44,224)
family_0_225 (18,225) (24,225) (34,225) (43,225) (44,225) (96,225)
family_0_226 (9,226) (18,226) (34,226) (43,226) (44,226) (56,226) (62,226) (96,226)
family_0_227 (9,227) (18,227) (33,227) (43,227) (56,227) (62,227) (96,227)
family_0_228 (9,228) (24,228) (33,228) (44,228) (56,228) (62,228) (96,228)
family_0_229 (9,229) (18,229) (24,229) (33,229) (34,229) (43,229) (44,229) (56,229)
family_0_23 (9,23) (18,23) (24,23) (43,23) (44,23) (56,23) (62,23) (96,23)
family_0_230 (18,230) (34,230) (43,230) (44,230) (96,230)
family_0_231 (18,231) (34,231) (43,231) (62,231) (96,231)
family_0_232 (9,232) (18,232) (34,232) (43,232) (56,232) (62,232) (96,232)
family_0_233 (9,233) (33,233) (56,233) (62,233) (96,233)
family_0_234 (9,234) (24,234) (33,234) (44,234) (62,234) (96,234)
family_0_235 (24,235) (33,235) (34,235) (43,235) (44,235)
family_0_236 (18,236) (24,236) (34,236) (43,236) (44,236) (56,236)
family_0_237 (18,237) (24,237) (34,237) (43,237) (44,237) (56,237)
family_0_238 (18,238) (24,238) (34,238) (43,238) (44,238) (56,238) (62,238) (96,238)
family_0_239 (18,239) (34,239) (43,239) (44,239) (56,239) (62,239) (96,239)
family_0_24 (18,24) (43,24) (44,24) (56,24) (62,24) (96,24)
family_0_240 (9,240) (18,240) (34,240) (43,240) (56,240) (62,240) (96,240)
family_0_241 (9,241) (18,241) (24,241) (33,241) (56,241) (62,241) (96,241)
family_0_242 (9,242) (18,242) (24,242) (33,242) (34,242) (43,242) (44,242) (56,242)
family_0_243 (18,243) (34,243) (43,243) (44,243) (56,243) (62,243) (96,243)
family_0_244 (9,244) (18,244) (33,244) (34,244) (43,244) (44,244) (56,244) (62,244) (96,244)
family_0_245 (9,245) (24,245) (33,245) (44,245) (62,245) (96,245)
family_0_246 (18,246) (24,246) (34,246) (43,246) (44,246) (56,246) (62,246) (96,246)
family_0_247 (18,247) (34,247) (43,247) (56,247) (62,247) (96,247)
family_0_248 (9,248) (18,248) (33,248) (43,248) (56,248) (62,248) (96,248)
family_0_249 (9,249) (24,249) (33,249)
family_0_25 (43,25) (44,25) (96,25)
family_0_250 (9,250) (24,250) (33,250)
family_0_251 (9,251) (24,251) (33,251) (34,251) (43,251) (44,251) (56,251) (62,251) (96,251)
family_0_252 (9,252) (18,252) (33,252) (34,252) (43,252) (44,252) (56,252) (62,252) (96,252)
family_0_253 (9,253) (18,253) (24,253) (33,253) (43,253) (56,253) (62,253) (96,253)
family_0_254 (9,254) (24,254) (33,254)
family_0_255 (9,255) (24,255) (33,255) (34,255) (43,255) (44,255)
family_0_256 (18,256) (24,256) (33,567) (34,256) (43,256) (44,256) (56,256) (62,256) (96,256)
family_0_257 (9,257) (18,257) (33,257) (34,257) (43,257) (44,257) (56,257) (62,257) (96,257)
family_0_258 (9,258) (18,258) (24,258) (33,258) (56,258) (62,258) (96,258)
family_0_259 (9,259) (24,259) (33,259) (62,259) (96,259)
family_0_26 (34,26)
family_0_260 (9,260) (24,260) (33,260)
family_0_261 (9,261) (24,261) (33,261) (34,261) (43,261) (44,261)
family_0_262 (9,262) (24,262) (34,262) (43,262) (44,262) (56,262) (96,262)
family_0_263 (9,263) (18,263) (24,263) (33,263) (34,263) (43,263) (44,263) (56,263) (62,263) (96,263)
family_0_264 (9,264) (18,264) (24,264) (33,264) (34,264) (43,264) (44,264) (56,264) (62,264) (96,264)
family_0_265 (9,265) (18,265) (24,265) (33,265) (43,265) (56,265) (62,265) (96,265)
family_0_266 (9,266) (24,266) (33,266) (44,266)
family_0_267 (9,267) (33,267) (44,267)
family_0_268 (18,268) (34,268) (43,268) (44,268) (56,268) (96,268)
family_0_269 (18,269) (34,269) (43,269) (44,269) (56,269) (62,269) (96,269)
family_0_27 (33,27) (34,27)
family_0_270 (9,270) (18,270) (24,270) (33,270) (34,270) (43,270) (56,270) (62,270) (96,270)
family_0_271 (9,271) (24,271) (33,271) (96,271)
family_0_272 (9,272) (24,272) (33,272) (44,272) (96,272)
family_0_273 (9,273) (33,273) (34,273) (43,273) (44,273)
family_0_274 (18,274) (24,274) (34,274) (43,274) (44,274) (56,274) (62,274) (96,274)
family_0_275 (9,275) (18,275) (24,275) (33,275) (34,275) (43,275) (56,275) (62,275) (96,275)
family_0_276 (9,276) (18,276) (24,276) (33,276) (34,276) (44,276) (56,276) (62,276) (96,276)
family_0_277 (9,277) (24,277) (33,277) (44,277) (56,277) (62,277)
family_0_278 (9,278) (18,278) (24,278) (33,278) (34,278) (43,278) (44,278)
family_0_279 (9,279) (18,279) (24,279) (34,279) (43,279) (44,279) (56,279) (62,279) (96,279)
family_0_28 (18,28) (33,28) (34,28) (44,28) (56,28) (62,28) (96,28)
family_0_280 (18,280) (24,280) (33,280) (34,280) (43,280) (44,280) (56,280) (62,280) (96,280)
family_0_281 (18,281) (24,281) (33,281) (34,281) (43,281) (44,281) (56,281) (62,281) (96,281)
family_0_282 (18,282) (24,282) (34,282) (43,282) (44,282) (56,282) (62,282) (96,282)
family_0_283 (9,283) (18,283) (24,283) (33,283) (34,283) (43,283) (56,283) (62,283) (96,283)
family_0_284 (9,284) (18,284) (24,284) (33,284) (34,284) (43,284) (56,284) (62,284) (96,284)
family_0_285 (9,285) (24,285) (33,285) (44,285) (62,285)
family_0_286 (18,286) (34,286) (43,286) (44,286) (56,286) (96,286)
family_0_287 (18,287) (24,287) (33,287) (34,287) (43,287) (44,287) (56,287) (62,287) (96,287)
family_0_288 (9,288) (18,288) (24,288) (33,288) (34,288) (43,288) (56,288) (62,288)
family_0_289 (9,289) (18,289) (24,289) (33,289) (34,289) (43,289) (56,289) (62,289)
family_0_29 (9,29) (18,29) (33,29) (34,29) (44,29) (56,29) (62,29) (96,29)
family_0_290 (9,290) (24,290) (33,290) (44,290) (62,290)
family_0_291 (9,291) (33,291) (44,291)
family_0_292 (9,292) (33,292) (44,292)
family_0_293 (18,293) (34,293) (43,293) (44,293)
family_0_294 (18,294) (24,294) (34,294) (43,294) (44,294) (56,294) (62,294) (96,294)
family_0_295 (18,295) (24,295) (34,295) (43,295) (56,295) (62,295) (96,295)
family_0_296 (9,296) (18,296) (24,296) (33,296) (34,296) (43,296) (44,296) (56,296) (62,296) (96,296)
family_0_297 (9,297) (33,297) (44,297)
family_0_298 (18,298) (34,298) (43,298) (44,298)
family_0_299 (18,299) (24,299) (34,299) (43,299) (44,299) (56,299) (62,299) (96,299)
family_0_3 (9,3) (18,3) (24,3) (33,3) (34,3) (43,3) (44,3) (56,3) (62,3) (96,3)
family_0_30 (9,30) (18,30) (24,30) (33,30) (34,30) (43,30) (62,30)
family_0_300 (18,300) (24,300) (34,300) (43,300) (56,300) (62,300) (96,300)
family_0_301 (9,301) (18,301) (24,301) (33,301) (34,301) (43,301) (56,301) (62,301) (96,301)
family_0_302 (9,302) (18,302) (24,302) (33,302) (44,302) (56,302) (62,302) (96,302)
family_0_303 (18,303) (33,303) (34,303) (43,303) (44,303) (56,303) (96,303)
family_0_304 (18,304) (24,304) (34,304) (43,304) (56,304) (62,304) (96,304)
family_0_305 (9,305) (18,305) (24,305) (33,305) (34,305) (43,305) (56,305) (62,305) (96,305)
family_0_306 (9,306) (24,306) (33,306) (34,306) (43,306) (44,306) (56,306) (62,306)
family_0_307 (9,307) (24,307) (33,307) (44,307) (62,307)
family_0_308 (9,308) (33,308) (44,308) (96,308)
family_0_309 (18,309) (33,309) (34,309) (43,309) (44,309) (56,309) (62,309) (96,309)
family_0_31 (9,31) (18,31) (24,31) (33,31) (34,31) (43,31) (44,31) (56,31) (62,31) (96,31)
family_0_310 (9,310) (18,310) (24,310) (34,310) (43,310) (56,310) (62,310) (96,310)
family_0_311 (9,311) (18,311) (24,311) (34,311) (43,311) (44,311) (56,311) (62,311) (96,311)
family_0_312 (18,312) (24,312) (34,312) (43,312) (44,312) (56,312) (62,312) (96,312)
family_0_313 (9,313) (18,313) (24,313) (33,313) (34,313) (34,500) (43,313) (43,500) (44,313) (56,313) (62,313) (96,313)
family_0_314 (18,314) (33,314) (34,314) (43,314) (44,314) (96,314)
family_0_315 (9,315) (18,315) (24,315) (34,315) (43,315) (44,315) (56,315) (62,315)
family_0_316 (9,316) (18,316) (24,316) (33,316) (34,316) (43,316) (44,316) (56,316) (62,316) (96,316)
family_0_317 (18,317) (33,317) (34,317) (43,317) (44,317) (96,317)
family_0_318 (9,318) (18,318) (24,318) (34,318) (43,318) (44,318) (56,318) (62,318) (96,318)
family_0_319 (9,319) (24,319) (33,319) (34,319) (43,319) (56,319) (62,319)
family_0_32 (9,32) (18,32) (24,32) (33,32) (43,32) (44,32) (56,32) (62,32) (96,32)
family_0_320 (9,320) (24,320) (33,320) (34,320) (44,320) (56,320) (62,320)
family_0_321 (18,321) (33,321) (34,321) (43,321) (44,321) (96,321)
family_0_322 (9,322) (18,322) (34,322) (43,322) (44,322) (56,322) (96,322)
family_0_323 (9,323) (24,323) (34,323) (43,323) (56,323) (62,323) (96,323)
family_0_324 (9,324) (24,324) (33,324) (34,324) (43,324) (56,324) (62,324) (96,324)
family_0_325 (9,325) (18,325) (24,325) (33,325) (34,325) (43,325) (44,325) (56,325) (62,325)
family_0_326 (9,326) (18,326) (24,326) (34,326) (43,326) (56,326) (62,326) (96,326)
family_0_327 (9,327) (24,327) (33,327) (44,327) (56,327) (62,327) (96,327)
family_0_328 (9,328) (18,328) (24,328) (33,328) (34,328) (43,328) (44,328) (56,328) (62,328)
family_0_329 (18,329) (24,329) (33,329) (34,329) (44,329) (62,329)
family_0_33 (18,33) (33,33) (34,33) (44,33) (56,33) (62,33)
family_0_330 (18,330) (33,330) (44,330)
family_0_331 (18,331) (44,331) (96,331)
family_0_332 (18,332) (96,332)
family_0_333 (9,333) (18,333) (24,333) (33,333) (34,333) (43,333) (44,333) (56,333) (62,333) (96,333)
family_0_334 (9,334) (18,334) (24,334) (33,334) (34,334) (43,334) (44,334) (56,334) (62,334)
family_0_335 (9,335) (18,335) (24,335) (33,335) (34,335) (43,335) (44,335) (56,335) (62,335)
family_0_336 (18,336) (33,336) (44,336)
family_0_337 (18,337) (33,337) (96,337)
family_0_338 (9,338) (18,338) (24,338) (33,338) (34,338) (43,338) (44,338) (56,338) (62,338) (96,338)
family_0_339 (9,339) (24,339) (33,339) (43,339) (44,339) (56,339) (62,339)
family_0_34 (9,34) (24,34) (33,34) (34,34) (43,34) (96,34)
family_0_340 (9,340) (24,340) (33,340) (43,340) (44,340) (56,340) (62,340)
family_0_341 (9,341) (18,341) (24,341) (33,341) (43,341) (44,341) (56,341) (62,341)
family_0_342 (18,342) (33,342) (34,342) (44,342) (96,342)
family_0_343 (18,343) (34,343) (56,343) (62,343) (96,343)
family_0_344 (18,344) (33,344) (34,344) (44,344) (56,344) (62,344) (96,344)
family_0_345 (18,345) (34,345) (56,345) (96,345)
family_0_346 (9,346) (18,346) (24,346) (33,346) (34,346) (43,346) (44,346) (56,346) (62,346) (96,346)
family_0_347 (18,347) (33,347) (34,347) (43,347) (44,347) (56,347) (62,347) (96,347)
family_0_348 (18,348) (33,348) (44,348)
family_0_349 (18,349) (34,349) (43,349) (56,349) (62,349)
family_0_35 (9,35) (18,35) (24,35) (33,35) (34,35) (43,35) (44,35) (56,35) (62,35) (96,35)
family_0_350 (18,350) (34,350) (43,350) (56,350) (62,350) (96,350)
family_0_351 (9,351) (24,351) (33,351) (34,351) (43,351) (44,351) (56,351) (62,351) (96,351)
family_0_352 (9,352) (18,352) (24,352) (33,352) (44,352) (96,352)
family_0_353 (9,353) (18,353) (24,353) (33,353) (44,353)
family_0_354 (18,354) (34,354) (44,354) (56,354)
family_0_355 (9,355) (18,355) (33,355) (34,355) (43,355) (56,355) (62,355) (96,355)
family_0_356 (9,356) (24,356) (33,356) (34,356) (43,356) (56,356) (62,356) (96,356)
family_0_357 (9,357) (18,357) (24,357) (33,357) (34,357) (43,357) (44,357) (56,357) (62,357) (96,357)
family_0_358 (9,358) (18,358) (24,358) (33,358) (44,358)
family_0_359 (9,359) (18,359) (24,359) (33,359) (44,359)
family_0_36 (18,36) (24,36) (43,36) (44,36) (56,36) (62,36) (96,36)
family_0_360 (9,360) (18,360) (24,360) (44,360)
family_0_361 (18,361) (44,361) (56,361)
family_0_362 (9,362) (18,362) (24,362) (33,362) (34,362) (43,362) (44,362) (56,362) (62,362) (96,362)
family_0_363 (9,363) (24,363) (33,363) (34,363) (43,363) (56,363) (62,363) (96,363)
family_0_364 (9,364) (18,364) (24,364) (33,364) (43,364) (44,364) (62,364) (96,364)
family_0_365 (18,365) (44,365)
family_0_366 (18,366) (34,366) (44,366) (56,366)
family_0_367 (33,367) (34,367) (43,367) (56,367) (62,367) (96,367)
family_0_368 (9,368) (24,368) (33,368) (34,368) (43,368) (56,368) (62,368) (96,368)
family_0_369 (9,369) (24,369) (33,369) (34,369) (43,369) (56,369) (62,369) (96,369)
family_0_37 (18,37) (33,37) (34,37) (44,37) (56,37) (62,37)
family_0_370 (9,370) (24,370) (33,370) (34,370) (43,370) (56,370) (62,370) (96,370)
family_0_371 (9,371) (24,371) (33,371) (34,371) (43,371) (62,371) (96,371)
family_0_372 (9,372) (18,372) (24,372) (33,372) (44,372) (62,372) (96,372)
family_0_373 (9,373) (18,373) (24,373) (33,373) (44,373) (62,596)
family_0_374 (9,374) (18,374) (24,374) (34,374) (43,374) (44,374) (56,374) (62,374) (96,374)
family_0_375 (9,375) (24,375) (33,375) (34,375) (43,375) (44,375) (56,375) (62,375)
family_0_376 (9,376) (18,376) (24,376) (33,376) (34,376) (43,376) (44,376) (56,376) (62,376) (96,376)
family_0_377 (9,377) (18,377) (24,377) (33,377) (34,377) (44,377) (62,377) (96,377)
family_0_378 (18,378) (24,378) (44,378) (96,378)
family_0_379 (18,557) (34,379) (43,379) (44,379) (56,379) (62,379)
family_0_38 (9,38) (33,38) (34,38) (43,38)
family_0_380 (9,380) (24,380) (33,380) (34,380) (43,380) (44,380) (56,380) (62,380)
family_0_381 (9,381) (18,381) (24,381) (33,381) (34,381) (43,381) (56,381) (62,381) (96,381)
family_0_382 (9,382) (18,382) (24,382) (33,382) (34,382) (43,382) (56,382) (62,382) (96,382)
family_0_383 (9,383) (18,383) (24,383) (33,383) (44,383) (96,383)
family_0_384 (18,384) (24,384) (44,384) (96,384)
family_0_385 (18,385) (44,385)
family_0_386 (9,386) (34,386) (43,386) (44,386) (56,386) (62,386)
family_0_387 (9,387) (18,387) (24,387) (33,387) (34,387) (43,387) (56,387) (62,387) (96,387)
family_0_388 (9,388) (18,388) (24,388) (33,388) (34,388) (56,388) (62,388) (96,388)
family_0_389 (9,389) (18,389) (24,389) (33,389) (96,389)
family_0_39 (9,39) (18,39) (24,39) (33,39) (34,39) (43,39) (44,39) (56,39) (62,39) (96,39)
family_0_390 (18,390) (24,390) (43,390) (44,390) (96,390)
family_0_391 (9,391) (18,391) (34,391) (43,391) (44,391) (96,391)
family_0_392 (9,392) (34,392) (43,392) (44,392) (56,392) (62,392)
family_0_393 (9,393) (33,393) (34,393) (43,393) (44,393) (56,393)
family_0_394 (9,394) (24,394) (33,394) (34,394) (43,394) (56,394) (62,394) (96,394)
family_0_395 (9,395) (24,395) (33,395) (34,395) (43,395) (44,395) (56,395) (62,395) (96,395)
family_0_396 (9,396) (24,396) (33,396) (34,396) (43,396) (56,396) (62,396) (96,396)
family_0_397 (9,397) (24,397) (33,397) (34,397) (62,397) (96,397)
family_0_398 (18,398) (24,398) (33,398) (62,398) (96,398)
family_0_399 (18,399) (24,399) (33,399) (43,399) (44,399) (56,399) (62,399) (96,399)
family_0_4 (9,4) (18,4) (24,4) (33,4) (34,4) (44,4) (56,4) (62,4) (96,4)
family_0_40 (9,40) (18,40) (24,40) (33,40) (43,40) (44,40) (56,40) (62,40) (96,40)
family_0_400 (9,400) (18,400) (34,400) (43,400) (44,400) (56,400)
family_0_401 (9,401) (24,401) (33,401) (34,401) (43,401) (44,401) (56,401) (62,401) (96,401)
family_0_402 (24,402) (34,402) (62,402) (96,402)
family_0_403 (18,403) (24,403) (33,403) (62,403) (96,403)
family_0_404 (9,404) (18,404) (33,404) (34,404) (43,404) (44,404) (56,404) (96,404)
family_0_405 (9,405) (34,405) (43,405) (44,405) (56,405)
family_0_406 (9,406) (18,406) (24,406) (33,406) (34,406) (43,406) (44,406) (56,406) (62,406) (96,406)
family_0_407 (18,407) (24,407) (33,407) (62,407) (96,407)
family_0_408 (18,408) (24,408) (33,408) (43,408) (44,408) (56,408) (62,408) (96,408)
family_0_409 (9,409) (18,409) (34,409) (43,409) (44,409) (56,409) (62,409) (96,409)
family_0_41 (18,41) (44,41) (56,41) (62,41) (96,41)
family_0_410 (9,410) (24,410) (33,410) (34,410) (43,410) (44,410) (56,410) (62,410)
family_0_411 (9,411) (18,411) (24,411) (33,411) (34,411) (43,411) (44,411) (62,411)
family_0_412 (9,412) (18,412) (24,412) (33,412) (34,412) (43,412) (62,412) (96,412)
family_0_413 (18,413) (24,413) (33,413) (96,413)
family_0_414 (18,414) (24,414) (33,414) (96,414)
family_0_415 (18,415) (24,415) (33,415) (56,415) (96,415)
family_0_416 (9,416) (18,416) (34,416) (43,416) (44,416) (56,416) (62,416) (96,416)
family_0_417 (9,417) (34,417) (43,417) (44,417) (56,417) (62,417) (62,597)
family_0_418 (9,418) (24,418) (34,418) (43,418) (44,418) (56,418) (62,418)
family_0_419 (9,419) (18,419) (24,419) (33,419) (34,419) (43,419) (62,419) (96,419)
family_0_42 (9,42) (18,42) (24,42) (33,42) (44,42) (56,42) (62,42)
family_0_420 (18,420) (24,420) (33,420) (44,420) (56,420) (96,420)
family_0_421 (9,421) (18,421) (34,421) (43,421) (44,421) (56,421) (62,421) (96,421)
family_0_422 (9,422) (18,422) (24,422) (33,422) (34,422) (43,422) (44,422) (56,422) (62,422) (96,422)
family_0_423 (9,423) (18,423) (24,423) (33,423) (34,423) (43,423) (44,423) (56,423) (62,423) (96,423)
family_0_424 (9,424) (34,424) (43,424) (44,424) (56,424) (62,424)
family_0_425 (9,425) (34,425) (43,425) (44,425) (56,425) (62,425)
family_0_426 (9,426) (18,426) (24,426) (33,426) (34,426) (43,426) (44,426) (56,426) (62,426) (96,426)
family_0_427 (9,427) (18,427) (24,427) (33,427) (34,427) (43,427) (44,427) (56,427) (62,427) (96,427)
family_0_428 (9,428) (18,428) (24,428) (33,428) (34,428) (43,428) (44,428) (56,428) (56,495) (62,428) (62,495) (96,428)
family_0_429 (18,429) (24,429) (33,429) (34,429) (43,429) (44,429) (56,429) (62,429) (96,429)
family_0_43 (9,43) (24,43) (33,43) (34,43) (43,43) (96,43)
family_0_430 (18,430) (33,430) (44,430) (56,430) (96,430)
family_0_431 (9,431) (18,431) (34,431) (43,431) (44,431) (56,431) (62,431) (96,431)
family_0_432 (9,432) (34,432) (43,432) (44,432) (56,432) (62,432)
family_0_433 (9,433) (24,433) (34,433) (43,433) (44,433) (56,433) (62,433)
family_0_434 (9,434) (24,434) (33,434) (34,434) (43,434) (56,434) (62,434)
family_0_435 (9,435) (18,435) (24,435) (33,435) (34,435) (43,435) (62,435) (96,435)
family_0_436 (9,436) (18,436) (24,436) (33,436) (44,436) (56,436) (96,436)
family_0_437 (9,437) (34,437) (43,437) (44,437) (56,437) (62,437) (96,437)
family_0_438 (9,438) (24,438) (34,438) (43,438) (44,438) (56,438) (62,438)
family_0_439 (9,439) (18,439) (24,439) (33,439) (34,439) (43,439) (62,439)
family_0_44 (9,44) (18,44) (24,44) (33,44) (34,44) (43,44) (44,44) (56,44) (62,44) (96,44)
family_0_440 (18,440) (24,440) (33,440) (43,440) (96,440)
family_0_441 (18,441) (24,441) (33,441) (96,441)
family_0_442 (9,442) (18,442) (33,442) (44,442) (56,442) (96,442)
family_0_443 (9,443) (34,443) (43,443) (44,443) (56,443) (62,443) (96,443)
family_0_444 (9,444) (18,444) (24,444) (33,444) (34,444) (43,444) (44,444) (56,444) (62,444)
family_0_445 (18,445) (24,445) (33,445) (34,445) (43,445) (62,445)
family_0_446 (18,446) (24,446) (33,446)
family_0_447 (18,447) (24,447) (33,447) (96,447)
family_0_448 (9,448) (18,448) (44,448) (56,448) (96,448)
family_0_449 (9,449) (33,449) (34,449) (43,449) (44,449) (56,449) (62,449) (96,449)
family_0_45 (9,45) (18,45) (24,45) (33,45) (34,45) (43,45) (44,45) (56,45) (62,45) (96,45)
family_0_450 (9,450) (33,450) (34,450) (43,450) (44,450) (56,450) (62,450)
family_0_451 (9,451) (24,451) (33,451) (34,451) (43,451) (44,451) (44,772) (56,451) (62,451)
family_0_452 (18,452) (24,452) (34,452) (43,452) (62,452) (96,452)
family_0_453 (18,453) (96,453)
family_0_454 (9,454) (33,454) (34,454) (43,454) (44,454) (56,454) (62,454) (96,454)
family_0_455 (9,455) (24,455) (33,455) (34,455) (43,455) (44,455) (56,455) (62,455) (96,455)
family_0_456 (9,456) (18,456) (24,456) (33,456) (34,456) (43,456) (62,456)
family_0_457 (18,457) (24,457) (34,457) (43,457) (62,457)
family_0_458 (18,458) (24,458)
family_0_459 (9,459) (18,459) (44,459) (56,459) (96,459)
family_0_46 (18,46) (44,46) (56,46) (62,46)
family_0_460 (9,460) (33,460) (44,460) (56,460) (96,460)
family_0_461 (9,461) (18,461) (24,461) (33,461) (34,461) (43,461) (44,461) (56,461) (62,461) (96,461)
family_0_462 (18,462) (24,462) (34,462) (43,462) (62,462)
family_0_463 (18,463) (24,463)
family_0_464 (9,464) (18,464) (44,464) (56,464) (96,464)
family_0_465 (9,465) (24,465) (33,465) (34,465) (43,465) (44,465) (56,465) (96,465)
family_0_466 (9,466) (18,466) (24,466) (33,466) (34,466) (43,466) (44,466) (56,466) (62,466) (96,466)
family_0_467 (9,467) (18,467) (24,467) (33,467) (34,467) (43,467) (44,467) (56,467) (62,467) (96,467)
family_0_468 (18,468) (33,468) (34,468) (43,468) (62,468)
family_0_469 (18,469)
family_0_47 (44,47)
family_0_470 (18,470)
family_0_471 (9,471) (44,471) (56,471)
family_0_472 (9,472) (18,472) (33,472) (44,472) (56,472) (62,472)
family_0_473 (9,473) (18,473) (24,473) (33,473) (44,473) (56,473) (62,473) (96,473)
family_0_474 (9,474) (18,474) (24,474) (33,474) (34,474) (43,474) (44,474) (56,474) (62,474) (96,474)
family_0_475 (9,475) (18,475) (24,475) (33,475) (34,475) (43,475) (44,475) (56,475) (62,475) (96,475)
family_0_48 (9,48) (24,48) (33,48)
family_0_49 (9,49) (24,49) (33,49) (34,49) (43,49)
family_0_5 (9,5) (18,5) (24,5) (33,5) (34,5) (43,5) (44,5) (56,5) (62,5) (96,5)
family_0_50 (9,50) (18,50) (24,50) (33,50) (34,50) (43,50) (44,50) (56,50) (62,50) (96,50)
family_0_51 (9,51) (18,51) (24,51) (33,51) (34,51) (43,51) (44,51) (56,51) (62,51) (96,51)
family_0_52 (9,52) (18,52) (24,52) (34,52) (44,52) (56,52) (62,52) (96,52)
family_0_53 (18,53) (34,53) (44,53) (56,53) (62,53) (96,53)
family_0_54 (18,54) (44,54) (56,54) (62,54) (96,54)
family_0_55 (18,55) (44,55) (56,55) (62,55) (96,55)
family_0_56 (18,56) (43,56) (44,56) (56,56)
family_0_57 (9,57) (24,57) (33,57) (34,57) (43,57)
family_0_58 (9,58) (24,58) (33,58) (34,58) (43,58)
family_0_59 (9,59) (18,59) (24,59) (33,59) (34,59) (43,59) (56,59) (62,59) (96,59)
family_0_6 (9,6) (18,6) (24,6) (33,6) (34,6) (43,6) (44,6) (56,6) (62,6) (96,6)
family_0_60 (9,60) (18,60) (24,60) (33,60) (34,60) (43,60) (44,60) (56,60) (62,60) (96,60)
family_0_61 (9,61) (18,61) (24,61) (33,61) (34,61) (43,61) (44,61) (56,61) (62,61)
family_0_62 (9,62) (24,62) (33,62) (34,62) (43,62) (62,62) (96,62)
family_0_63 (9,63) (18,63) (24,63) (33,63) (34,63) (43,63) (56,63) (62,63) (96,63)
family_0_64 (9,64) (18,64) (24,64) (33,64) (34,64) (43,64) (62,64) (96,64)
family_0_65 (9,65) (18,65) (24,65) (33,65) (34,65) (43,65) (44,65) (56,65) (62,65) (96,65)
family_0_66 (18,66) (44,66) (56,66) (62,66) (96,66)
family_0_67 (9,67) (24,67) (33,67) (34,67) (43,67)
family_0_68 (9,68) (18,68) (24,68) (33,68) (34,68) (43,68) (44,68) (56,68) (62,68) (96,68)
family_0_69 (18,69) (24,69) (33,69) (34,69) (43,69) (44,69) (56,69) (62,69) (96,69)
family_0_7 (9,7) (18,7) (24,7) (33,7) (34,7) (43,7) (44,7) (56,7) (62,7) (96,7)
family_0_70 (18,70) (24,70) (33,70) (43,70) (56,70) (62,70) (96,70)
family_0_71 (9,71) (24,71) (33,71) (34,71) (43,71) (44,71) (56,71) (62,71)
family_0_72 (9,72) (18,72) (24,72) (33,72) (34,72) (43,72) (44,72) (56,72) (62,72) (96,72)
family_0_73 (18,73) (24,73) (33,73) (43,73) (56,73) (62,73) (96,73)
family_0_74 (9,74) (18,74) (24,74) (33,74) (34,74) (43,74) (44,74) (56,74) (62,74) (96,74)
family_0_75 (9,75) (24,75) (33,75) (34,75) (43,75) (44,75)
family_0_76 (18,76) (24,76) (33,76) (34,76) (43,76) (44,76) (56,76) (62,76) (96,76)
family_0_77 (18,77) (24,77) (33,77) (43,77) (56,77) (62,77) (96,77)
family_0_78 (9,78) (18,78) (34,78) (56,78) (62,78) (96,78)
family_0_79 (9,79) (18,79) (24,79) (33,79) (34,79) (43,79) (44,79) (56,79)
family_0_8 (9,8) (18,8) (24,8) (33,8) (43,8) (44,8) (56,8) (62,8)
family_0_80 (9,80) (18,80) (24,80) (33,80) (34,80) (43,80) (44,80) (62,80) (96,80)
family_0_81 (24,81) (33,81) (43,81) (44,81) (56,81) (62,81) (96,81)
family_0_82 (18,82) (24,82) (33,82) (43,82) (56,82) (62,82) (96,82)
family_0_83 (18,83) (24,83) (33,83) (56,83) (62,83) (96,83)
family_0_84 (9,84) (18,84) (34,84) (56,84) (62,84) (96,84)
family_0_85 (9,85) (18,85) (34,85) (44,85) (56,85) (96,85)
family_0_86 (9,86) (33,86) (34,86) (43,86) (44,86)
family_0_87 (9,87) (33,87) (34,87) (43,87) (44,87)
family_0_88 (9,88) (18,88) (24,88) (33,88) (34,88) (43,88) (44,88) (56,88) (62,88) (96,88)
family_0_89 (18,89) (24,89) (33,89) (56,89) (62,89)
family_0_9 (18,9) (24,9) (43,9) (44,9) (56,9) (62,9)
family_0_90 (18,90) (24,90) (56,90) (62,90)
family_0_91 (9,91) (18,91) (34,91) (56,91) (62,91)
family_0_92 (9,92) (18,92) (34,92) (56,92)
family_0_93 (9,93) (18,93) (33,93) (34,93) (43,93) (44,93) (56,93) (96,93)
family_0_94 (9,94) (24,94) (33,94) (34,94) (43,94) (44,94) (62,94) (96,94)
family_0_95 (18,95) (24,95) (33,95) (43,95) (44,95) (56,95) (62,95) (96,95)
family_0_96 (9,96) (18,96) (34,96) (56,96) (62,96)
family_0_97 (9,97) (18,97) (33,97) (34,97) (43,97) (44,97) (56,97) (96,97)
family_0_98 (9,98) (24,98) (33,98) (34,98) (43,98) (44,98) (62,98) (96,98)
family_0_99 (9,99) (18,99) (24,99) (33,99) (43,99) (56,99) (62,99) (96,99)
family_10_558 (18,558)
family_10_559 (18,559)
family_10_560
family_10_561 (18,561)
family_11_694 (18,694)
family_11_695 (18,695)
family_11_696
family_11_697 (18,697)
family_11_698
family_12_672 (96,672)
family_12_673 (96,673)
family_12_674 (96,674)
family_12_675
family_12_676 (96,676)
family_13_549
family_13_550
family_14_512 (24,512)
family_14_513
family_14_514 (24,514)
family_14_515 (24,515)
family_15_621
family_15_622
family_15_623
family_16_562
family_16_563
family_16_564
family_16_565
family_16_566
family_17_782
family_17_783 (96,783)
family_17_784
family_17_785 (96,785)
family_17_786 (96,786)
family_18_811 (18,811)
family_18_812
family_18_813 (18,813)
family_18_814 (18,814)
family_18_815 (18,815)
family_19_522
family_19_523
family_19_524
family_19_525
family_19_526
family_1_476 (9,476) (44,476)
family_1_477 (44,477)
family_1_478 (9,478) (44,478)
family_20_577
family_20_578 (56,578)
family_20_579
family_21_527 (44,527)
family_21_528
family_21_529 (44,529)
family_21_530
family_22_629
family_22_630
family_22_631
family_22_632
family_23_700
family_23_701
family_23_702
family_23_703
family_24_633 (24,633)
family_24_634 (24,634)
family_24_635
family_24_636
family_24_637 (24,637)
family_25_638
family_25_639
family_25_640
family_25_641
family_25_642
family_26_704
family_26_705
family_26_706
family_26_707
family_27_581
family_27_582
family_27_583
family_27_584
family_27_585
family_28_709
family_28_710
family_28_711
family_28_712
family_29_884 (96,884)
family_29_885
family_29_886
family_29_887 (96,887)
family_29_888
family_2_479
family_2_480 (96,480)
family_2_481 (96,481)
family_2_482
family_2_483 (96,483)
family_30_760
family_30_761
family_30_762
family_30_763
family_30_764
family_31_531
family_31_532
family_31_533
family_31_534
family_32_607 (43,607)
family_32_608 (43,608)
family_32_609 (43,609)
family_32_610 (43,610)
family_32_611 (43,611)
family_33_568
family_33_569 (33,569)
family_33_570 (33,570)
family_33_571 (33,571)
family_34_613
family_34_614 (34,614)
family_34_615 (34,615)
family_34_616
family_35_741
family_35_742
family_35_743
family_35_744
family_35_745
family_36_586
family_36_587
family_36_588
family_36_589
family_37_590
family_37_591
family_37_592
family_37_593
family_37_594
family_38_624
family_38_625
family_38_626
family_38_627
family_38_628
family_39_653
family_39_654 (44,654)
family_39_655 (44,655)
family_39_656
family_39_657
family_3_484 (18,484)
family_3_485 (18,485)
family_3_486 (18,486)
family_3_487 (18,487)
family_3_488
family_40_727
family_40_728
family_40_729
family_40_730
family_41_648
family_41_649
family_41_650
family_41_651
family_41_652
family_42_827
family_42_828
family_42_829
family_42_830
family_42_831
family_43_746 (43,746)
family_43_747
family_43_748
family_43_749 (43,749)
family_44_773 (44,773)
family_44_774
family_44_775 (44,775)
family_44_776 (44,776)
family_44_777 (44,777)
family_45_717
family_45_718 (56,718)
family_45_719 (56,719)
family_46_816
family_46_817
family_46_818
family_46_819
family_46_820
family_47_713
family_47_714
family_47_715
family_47_716
family_48_751
family_48_752
family_48_753
family_48_754
family_48_755
family_49_677
family_49_678
family_49_679
family_49_680
family_4_490 (33,490)
family_4_491 (33,491)
family_4_492
family_4_493
family_4_494
family_50_889
family_50_890
family_50_891
family_50_892
family_51_894
family_51_895
family_51_896
family_51_897
family_51_898
family_52_598 (62,598)
family_52_599 (62,599)
family_52_600 (62,600)
family_52_601
family_52_602 (62,602)
family_53_682
family_53_683
family_53_684
family_53_685
family_53_686
family_54_687
family_54_688
family_54_689
family_54_690
family_55_833
family_55_834
family_55_835
family_55_836
family_55_837
family_56_843 (56,843)
family_56_844 (56,844)
family_56_845 (56,845)
family_56_846 (56,846)
family_57_766
family_57_767
family_57_768
family_57_769
family_57_770
family_58_731
family_58_732
family_58_733
family_58_734
family_59_853
family_59_854
family_59_855
family_59_856
family_59_857
family_5_496
family_5_497 (56,497) (62,497)
family_5_498 (56,498) (62,498)
family_5_499 (56,499)
family_60_552
family_60_553
family_60_554
family_60_555
family_60_556
family_61_535
family_61_536
family_61_537
family_61_538
family_61_539
family_62_736 (62,736)
family_62_737
family_62_738
family_62_739
family_62_740
family_63_866
family_63_867
family_63_868
family_63_869
family_63_870
family_64_692
family_64_693
family_65_797
family_65_798
family_65_799
family_65_800
family_66_787
family_66_788
family_66_789
family_66_790
family_66_791
family_67_658
family_67_659
family_67_660
family_67_661
family_67_662
family_68_951
family_68_952
family_68_953
family_68_954
family_69_663
family_69_664
family_69_665
family_69_666
family_6_501 (34,501) (43,501)
family_6_502
family_6_503
family_6_504 (34,504) (43,504)
family_6_505 (34,505)
family_70_540
family_70_541
family_70_542
family_70_543
family_70_544
family_71_912
family_71_913
family_71_914
family_72_921
family_72_922
family_72_923
family_72_924
family_73_756
family_73_757
family_73_758
family_73_759
family_74_899
family_74_900
family_74_901
family_74_902
family_75_668
family_75_669
family_75_670
family_75_671
family_76_807
family_76_808
family_76_809
family_76_810
family_77_916
family_77_917
family_77_918
family_77_919
family_77_920
family_78_643
family_78_644
family_78_645
family_78_646
family_78_647
family_79_947
family_79_948
family_79_949
family_7_545
family_7_546
family_7_547 (96,547)
family_7_548 (96,548)
family_80_858
family_80_859
family_80_860
family_81_861
family_81_862
family_81_863
family_81_864
family_81_865
family_82_603
family_82_604
family_82_605
family_82_606
family_83_932
family_83_933
family_83_934
family_83_935
family_84_847
family_84_848
family_84_849
family_84_850
family_84_851
family_85_801
family_85_802
family_85_803
family_85_804
family_85_805
family_86_794
family_86_795
family_86_796
family_87_618
family_87_619
family_87_620
family_88_778
family_88_779
family_88_780
family_88_781
family_89_880
family_89_881
family_89_882
family_89_883
family_8_507
family_8_508
family_8_509
family_8_510
family_8_511
family_90_874
family_90_875
family_90_876
family_90_877
family_90_878
family_91_927
family_91_928
family_91_929
family_91_930
family_91_931
family_92_572
family_92_573
family_92_574
family_92_575
family_92_576
family_93_721
family_93_722
family_93_723
family_93_724
family_93_725
family_94_822
family_94_823
family_94_824
family_94_825
family_94_826
family_95_955
family_95_956
family_95_957
family_95_958
family_96_941 (96,941)
family_96_942 (96,942)
family_96_943 (96,943)
family_96_944 (96,944)
family_96_945 (96,945)
family_97_838
family_97_839
family_97_840
family_97_841
family_97_842
family_98_937
family_98_938
family_98_939
family_98_940
family_99_905
family_99_906
family_99_907
family_99_908
family_99_909
family_9_517 (9,517)
family_9_518
family_9_519
family_9_520 (9,520)
family_9_521 (9,521)
